n	retval	time	result
10	1	0.000013	1010100010
10	1	0.000012	1100111100
10	1	0.000021	0110000001
10	1	0.000010	1101000010
10	1	0.000028	1001110101
10	1	0.000018	1101101110
10	1	0.000005	1101000100
10	1	0.000039	1000001111
10	1	0.000020	0000000001
10	1	0.000035	0001101011
10	1	0.000004	1001000100
10	1	0.000018	1000000001
10	1	0.000004	0011100100
10	1	0.000024	0001100101
10	1	0.000025	1011100101
10	1	0.000012	0110000110
10	1	0.000011	1010011010
10	1	0.000030	0100100011
10	1	0.000029	0100111101
10	1	0.000006	1001101100
11	1	0.000000	10000000000
11	1	0.000015	10110010100
11	1	0.000090	10001010111
11	1	0.000071	01100011101
11	1	0.000003	11011100000
11	1	0.000047	01001111110
11	1	0.000045	10101101110
11	1	0.000087	01000100111
11	1	0.000025	00000100010
11	1	0.000064	10011010101
11	1	0.000084	11010000111
11	1	0.000009	01001011000
11	1	0.000071	01101000011
11	1	0.000001	10100000000
11	1	0.000102	11011001111
11	1	0.000088	00001110111
11	1	0.000034	01110111010
11	1	0.000059	11001000101
11	1	0.000018	01101001100
11	1	0.000010	10100000100
12	1	0.000142	111100001101
12	1	0.000146	111001101101
12	1	0.000141	100011110101
12	1	0.000041	110001001100
12	1	0.000157	000010100011
12	1	0.000194	110110101111
12	1	0.000102	111010000001
12	1	0.000146	010101101101
12	1	0.000023	101010111000
12	1	0.000014	111011001000
12	1	0.000132	001100010101
12	1	0.000101	001000000001
12	1	0.000199	101010011111
12	1	0.000000	001000000000
12	1	0.000094	110101010110
12	1	0.000046	100001011100
12	1	0.000148	111010111101
12	1	0.000201	010100111111
12	1	0.000046	010001011100
12	1	0.000093	100000101110
13	1	0.000386	0011100010111
13	1	0.000071	0110011010100
13	1	0.000359	1001001011011
13	1	0.000300	1100101111001
13	1	0.000043	0101101001000
13	1	0.000184	1001111110010
13	1	0.000416	0011110001011
13	1	0.000037	0000001101000
13	1	0.000065	1111100100100
13	1	0.000034	0001010001000
13	1	0.000273	1101101101001
13	1	0.000284	0000010011001
13	1	0.000284	0100011011001
13	1	0.000089	1010111001100
13	1	0.000407	1001110101011
13	1	0.000279	0011010101001
13	1	0.000359	1101001000011
13	1	0.000096	0101101001100
13	1	0.000229	1111110011110
13	1	0.000367	0101011010011
14	1	0.000724	00110111111101
14	1	0.000554	10110110001001
14	1	0.000369	00000010100110
14	1	0.000622	00011010101101
14	1	0.000368	01111110001110
14	1	0.000033	10001001010000
14	1	0.000270	10100101001010
14	1	0.000512	01110010111001
14	1	0.000524	01010010000101
14	1	0.000611	10011111011101
14	1	0.000344	00101001010110
14	1	0.000485	01001100101001
14	1	0.000256	11101011110010
14	1	0.000249	10110101010010
14	1	0.000620	11110000011101
14	1	0.000689	00000010001011
14	1	0.000681	00110011000101
14	1	0.001168	00011001111111
14	1	0.000755	00111000100101
14	1	0.000275	10001110000010
15	1	0.000965	000101111101110
15	1	0.000636	000101001001010
15	1	0.001981	000001001001111
15	1	0.000852	001110010111010
15	1	0.002243	010110111101111
15	1	0.001327	011011110011101
15	1	0.000891	100011000000001
15	1	0.000392	010110101001100
15	1	0.000371	010101100001100
15	1	0.000139	110011001001000
15	1	0.001904	011000110111111
15	1	0.001493	100100001100011
15	1	0.000336	100100000001100
15	1	0.000365	011001011101100
15	1	0.001624	100001000101111
15	1	0.000915	010011110010001
15	1	0.001253	110100010011101
15	1	0.001318	000010101100011
15	1	0.001489	110001101111011
15	1	0.001379	101100101010011
16	1	0.003091	1001100111111011
16	1	0.001959	0111001101110001
16	1	0.002125	0001100010011001
16	1	0.002597	1110101100111101
16	1	0.000496	0001111111000100
16	1	0.002626	1000011011111101
16	1	0.002837	1011110101010011
16	1	0.003248	0111000000110111
16	1	0.000433	1110010111111000
16	1	0.001827	1010010010100001
16	1	0.000935	0010010000100010
16	1	0.002030	0111010111001001
16	1	0.001673	1011011000011110
16	1	0.000479	0101111011000100
16	1	0.001953	1001010010110001
16	1	0.000587	1100001101010100
16	1	0.000967	1110101001100010
16	1	0.002412	0110000011110101
16	1	0.000562	0000101100010100
16	1	0.001252	0100010101011010
17	1	0.002605	00011111011011010
17	1	0.004670	10001101111000101
17	1	0.001711	00010101111011100
17	1	0.002991	00000000100010110
17	1	0.007117	11110110001011111
17	1	0.007084	11001001111101111
17	1	0.005783	10010110101010011
17	1	0.005014	01010011100101101
17	1	0.000476	11011010010001000
17	1	0.006485	01011111110010111
17	1	0.003285	11111011001101110
17	1	0.000108	11011101111000000
17	1	0.000163	01110101110100000
17	1	0.002580	01011111101011010
17	1	0.004743	00111011001100101
17	1	0.002702	11110101011111010
17	1	0.000536	00100110011001000
17	1	0.001054	00011000011100100
17	1	0.001787	11010011101000010
17	1	0.003489	01110100111111110
18	1	0.001437	110110111001011000
18	1	0.000434	010111001000010000
18	1	0.007832	010111000001110001
18	1	0.012585	110010110100111011
18	1	0.007427	010110101011001001
18	1	0.005299	010111100000110110
18	1	0.009109	000001000110011101
18	1	0.008047	001011000000100101
18	1	0.009601	100001010111000011
18	1	0.011852	111110101100001111
18	1	0.001245	001010111010011000
18	1	0.003615	101000111110010010
18	1	0.004189	000011010110101010
18	1	0.007810	000101010011111001
18	1	0.011987	000100010111001111
18	1	0.004426	100101100001011010
18	1	0.005515	010001011000001110
18	1	0.007579	001110011001011001
18	1	0.008101	110010111000100101
18	1	0.005376	010001010110110110
19	1	0.009467	1000101010110111010
19	1	0.012920	0011111001111111110
19	1	0.021571	0110001111010101011
19	1	0.017532	1001111010001110101
19	1	0.025404	1100010101010111111
19	1	0.010453	0100100001000010110
19	1	0.014864	0101000111000101001
19	1	0.023706	1110101000011010111
19	1	0.004553	0110001001010110100
19	1	0.005499	0110001111101101100
19	1	0.017970	0011010000011001101
19	1	0.013309	1101011100100100001
19	1	0.022049	1011001101011011011
19	1	0.006769	1000010010111000010
19	1	0.005457	1011010011001101100
19	1	0.003020	1101110111001111000
19	1	0.012845	0010011110000000001
19	1	0.024381	0001110011100001111
19	1	0.003380	0100000001110000100
19	1	0.014536	1110000011100001001
20	1	0.027649	11001001110001100001
20	1	0.002795	00100001100110110000
20	1	0.042603	01011100010101110011
20	1	0.023126	00100011011000001110
20	1	0.035049	11000011001011010101
20	1	0.033556	10100000011000100101
20	1	0.050075	01000111100001001111
20	1	0.021116	11101111001101100110
20	1	0.009738	00100010000111110100
20	1	0.019525	11110110001011111010
20	1	0.015585	10110110010000110010
20	1	0.005575	10110011000111011000
20	1	0.014672	11000011000111100010
20	1	0.026049	10100011011101111110
20	1	0.049799	11101101010011001111
20	1	0.019626	01110011001111111010
20	1	0.038072	11011010100010011101
20	1	0.043176	10100010111100001011
20	1	0.033064	00000100110111111001
20	1	0.038581	01000101010011011101
21	1	0.013368	011100101010000000100
21	1	0.018688	110011101111100110100
21	1	0.027953	111000110110101000010
21	1	0.092605	001000110111001011011
21	1	0.000307	000110111110100000000
21	1	0.066617	111011010100101111001
21	1	0.016997	100101001100100010100
21	1	0.047389	000000001110001001110
21	1	0.019786	110000101101011110100
21	1	0.037058	010011011101110011010
21	1	0.069493	110101101000110100101
21	1	0.020299	101011011101100001100
21	1	0.028004	001100110011101000010
21	1	0.030303	001111001100100010010
21	1	0.103311	011010110110101101111
21	1	0.044228	111111100001110010110
21	1	0.107330	000010010110111111111
21	1	0.088669	100011100001111001011
21	1	0.072488	001111010010010110101
21	1	0.067608	100101111110110000101
22	1	0.037050	0100110001111011010100
22	1	0.050637	1111100100011011011100
22	1	0.161850	1111110000001110111101
22	1	0.160575	1110110001000011011101
22	1	0.009814	0111110001111011010000
22	1	0.106279	0000001101001000111110
22	1	0.195028	1110100110110011000111
22	1	0.017716	0100100010110100101000
22	1	0.169281	0000011001110110100011
22	1	0.211458	1111001000111011001111
22	1	0.143801	0000000110001111100101
22	1	0.194195	1100000011110101000111
22	1	0.178768	1111011011101110001011
22	1	0.129667	0110000110101011101001
22	1	0.055371	1110011100010100000010
22	1	0.007382	1100000110100100010000
22	1	0.089207	0100010111100000010110
22	1	0.002024	0111110010101001000000
22	1	0.059683	1000100110110110100010
22	1	0.010164	0101001000011111010000
23	1	0.287887	11111000110011010100101
23	1	0.107721	11110011100101010111100
23	1	0.263611	00110110100111110101001
23	1	0.015440	01000111110001100010000
23	1	0.314839	01010110111111101001101
23	1	0.308737	10011001000000000001101
23	1	0.383492	00001110111111001011011
23	1	0.049427	01111011001100000111000
23	1	0.062106	00001011000101011000100
23	1	0.168737	00001011011000000000110
23	1	0.288235	01111110110001111000101
23	1	0.101867	01000100101111110011100
23	1	0.317468	00010101111100010101101
23	1	0.046411	10000000110011001011000
23	1	0.051563	00110110001101010111000
23	1	0.023361	10101010001101010110000
23	1	0.229567	01110001010110101000001
23	1	0.237074	01001010001000011100001
23	1	0.412941	11010011000000000110111
23	1	0.450022	01100101111011111111111
24	1	0.066758	011111110111100101001000
24	1	0.625370	011001100110011110110101
24	1	0.815882	111001001111111101000111
24	1	0.434271	110010101001110100011110
24	1	0.739340	000011011001011010110011
24	1	0.856059	111001011000101101110111
24	1	0.580543	100101000010100110000101
24	1	0.449869	100011111110111100111110
24	1	0.279324	011100100001010110110010
24	1	0.289281	011011100111011100001010
24	1	0.013401	110000001100001111000000
24	1	0.475751	110010111110100100100001
24	1	0.706212	110110000000100000100011
24	1	0.330609	110100001010011111011010
24	1	0.618788	101100111111001000110101
24	1	0.828167	011011101111100101100111
24	1	0.102628	011010011001110100111000
24	1	0.854240	101110011000111001110111
24	1	0.485809	010010010100100011100001
24	1	0.028320	111111011011011111100000
25	1	0.690477	1011010001011110001111010
25	1	1.045987	1111101001010011101110001
25	1	1.380489	1011000111000011000111101
25	1	0.981083	1101101111100001110100001
25	1	1.715710	1011101110111011100010111
25	1	1.295327	1100000110010100110110101
25	1	0.977075	0110110000111011010100001
25	1	1.250657	0110001111100111101010101
25	1	1.571747	0011111000100110001101011
25	1	0.724593	0011001000100101011000110
25	1	1.414718	0001011011001011100101101
25	1	0.415142	1111001110111101000001100
25	1	0.382242	1001100001110100110101100
25	1	1.827862	0001110010010011100110111
25	1	0.745793	0100011110100101110100110
25	1	0.561155	1111101010000110011010010
25	1	0.567024	0101010000101000110110010
25	1	0.915383	1010111111000110001101110
25	1	1.672391	1111100010111010101100011
25	1	0.252109	0100110010111000101000100
26	1	0.072265	01011000101011000010100000
26	1	0.770026	10100000101000100111001100
26	1	2.084262	11010000010100011101010001
26	1	0.726519	01000101001100101111110100
26	1	3.351107	00001111010000000010111011
26	1	2.048976	00011001101100101010000001
26	1	0.876221	01001010101111111001011100
26	1	0.707954	11110010011101010111110100
26	1	0.335975	10001011111101110110101000
26	1	1.297790	00101111000010111000001010
26	1	2.155139	11110111101010010011110001
26	1	0.599786	10010101110001101111100100
26	1	1.406776	01000110001001001010111010
26	1	2.837462	00011011010000001111100101
26	1	1.066558	11100001100010001011011100
26	1	3.413313	10010000101001100100010011
26	1	1.246111	00010110000001100010110010
26	1	3.356458	11100011000001010111001011
26	1	0.388192	10010011000001001110011000
26	1	0.245299	11011010011010110001110000
27	1	4.172095	011111101011111000100100001
27	1	6.432961	010101010100100010110110011
27	1	7.278800	110100001110001010011010111
27	1	5.181871	101110110111100101010100101
27	1	6.171519	110110100100101111000000011
27	1	7.210932	100010110001101100000101011
27	1	5.876467	010110111110011000000000101
27	1	3.676752	001011001010000011101110110
27	1	4.126694	111100000011010010010111110
27	1	1.086964	101010010100100011100000100
27	1	4.244272	111000101001110100001000001
27	1	6.743987	100111010100001101001100011
27	1	8.575340	101100011101100111000111111
27	1	8.109804	000111101001011011111011111
27	1	5.419807	010011000111010111100010101
27	1	6.068460	100010101000001010101111101
27	1	1.098158	011111100001110100000100100
27	1	3.379703	010000111111101110110110110
27	1	6.614321	011010101111101001000011011
27	1	6.544297	010001100101110010111101011
28	1	4.720495	1110010010111000101000110010
28	1	13.453913	1011111100001100101000011011
28	1	0.469523	1011110011100101100111100000
28	1	7.989145	0111001001000001100010000001
28	1	11.247493	0111100111111110010110101101
28	1	3.019980	1010010000100100001100001100
28	1	6.127014	1100010110101101110101000110
28	1	12.359080	0100111001001111001001100011
28	1	5.612660	0110000111101110100011011010
28	1	15.307430	0100100001000000110111101111
28	1	12.761884	1100001010110101010001110011
28	1	12.711570	1001011100111001010001110011
28	1	0.291086	1100010001100011110100100000
28	1	2.719495	0011001110001101010000110100
28	1	14.552901	0010011011010001000111010111
28	1	3.309329	0001111011111110110110101100
28	1	5.521422	0111100111001000010110011010
28	1	13.108839	0010011110111110000100101011
28	1	4.024414	1001110010101100101010000010
28	1	11.183786	0111000011101100110110011101
29	1	18.045776	01000111010010100001001001001
29	1	13.640964	10000101000111111001001110110
29	1	4.569829	11101001111100010100010100100
29	1	12.508537	01010101101000100000010100110
29	1	11.021704	00111111100001111100010011010
29	1	20.650223	10001001000100000010111100101
29	1	21.704609	01101011101101010001000001101
29	1	21.765712	11100111110111101110100001101
29	1	21.513956	01011101101010000110101110101
29	1	1.117149	11000110110101100010010010000
29	1	9.585098	01000111011000010000100110010
29	1	26.985261	10100110010100101100110011011
29	1	15.679002	10111000011101101001101111110
29	1	15.618063	00111110001101000011001111110
29	1	14.151505	10001000000101111110001001110
29	1	22.045649	00011010111000101011110001101
29	1	14.347799	00001011000100010100000101110
29	1	31.201787	00101010010010101010001011111
29	1	3.258306	00000111001101111110110011000
29	1	31.797087	00010100010000001011101011111
30	1	11.288296	111000011101010111010111010100
30	1	26.410168	011001010101101111111110100110
30	1	37.473013	011001001111100001010100001001
30	1	49.641510	001011001000101000100111111101
30	1	18.527043	110100011100111111100111100010
30	1	18.822852	000011010011010001001100010010
30	1	32.325006	001110111011001101001100111110
30	1	52.610634	111000000010001011101110010011
30	1	23.283830	100110001110110010011100011010
30	1	64.209157	011001101110001101001100011111
30	1	42.936126	011111101100101011101001100101
30	1	60.610702	010000100110000011001100010111
30	1	33.149938	011101001001111111011111111110
30	1	18.626971	000100001001100111111111100010
30	1	44.574587	111010100111100011100000110101
30	1	45.823460	100110010001111101001100001101
30	1	36.320299	000101010010000010000100110001
30	1	37.946745	001010110011110010110101001001
30	1	48.926469	100000001011100010100100111101
30	1	40.913090	101101101010011011001110111001
31	1	46.151629	0010001110110101111000111101010
31	1	128.436758	1011000010010101101010101001111
31	1	18.551388	1100110111001111001101011000100
31	1	45.388214	1010101100110101111010001101010
31	1	58.536308	0000101010011000010101101110110
31	1	88.662781	0111000011001100111001111100101
31	1	118.359791	1110011111010000011100111111011
31	1	111.145887	1000101101011010110001110001011
31	1	110.506774	1011100110000011001100100001011
31	1	118.289854	1011100111101010111000001111011
31	1	96.484364	1110100011111011110011001101101
31	1	25.769006	0000000100110110101011100001100
31	1	71.524843	1100001010100111100101011100001
31	1	52.539523	0001000110000011100000111000110
31	1	105.479562	0010000111010101111110011100011
31	1	105.173145	0011101011011111100010101100011
31	1	68.460281	0001000101111011101011010000001
31	1	52.683278	1111010101001011101001111000110
31	1	135.678007	0010100101101010000101011111111
31	1	18.069533	0110101101010100111001110000100
32	1	192.311979	11100111111010111000111111110101
32	1	30.454001	11000101011111111000100000111000
32	1	236.779729	11000101110110100011111000011011
32	1	178.532032	11110110001101111101101111000101
32	1	177.765672	00100110011111111110010001000101
32	1	67.396547	01011011101011010000011001111100
32	1	16.544803	11001100111001110010001011110000
32	1	93.085728	00110011011110110001010101101010
32	1	182.004127	11101100001000011110000001010101
32	1	237.263758	10010011010100101110101110011011
32	1	65.704846	00110100110000111001111100111100
32	1	176.799371	01011101000101111001010011000101
32	1	89.204938	00001000110001011000100011001010
32	1	272.998955	01001010001001100110001001111111
32	1	248.527253	11111010110101000010011101100111
32	1	163.155442	10110110001000011011111111101001
32	1	131.933023	11101010011111111001001101011110
32	1	43.707934	10001011111001101000101100010100
32	1	196.148765	10000100010000011010110111101101
32	1	31.845580	11001000000110101110111110111000
