n	retval	time	result
10	1	0.000007	1001000100
10	1	0.000002	0000011101
10	1	0.000004	0001101101
10	1	0.000002	1100011100
10	1	0.000004	0101111100
10	1	0.000002	0000111111
10	1	0.000002	0100011110
10	1	0.000003	1010100111
10	1	0.000003	1010000010
10	1	0.000004	1000100010
10	1	0.000003	1110111101
10	1	0.000002	1000010101
10	1	0.000004	1110110010
10	1	0.000003	1100000001
10	1	0.000003	0010110110
10	1	0.000005	1111101000
10	1	0.000003	0010010010
10	1	0.000002	0110000111
10	1	0.000002	1100110111
10	1	0.000004	0111110110
11	1	0.000007	11101000011
11	1	0.000005	01010101001
11	1	0.000005	01010100001
11	1	0.000005	00111100011
11	1	0.000003	00011011111
11	1	0.000006	11110011100
11	1	0.000006	01010001000
11	1	0.000004	00100101100
11	1	0.000005	10001100100
11	1	0.000004	01010011100
11	1	0.000005	01111010011
11	1	0.000005	10000101000
11	1	0.000005	11010001001
11	1	0.000006	00101100000
11	1	0.000004	00010101010
11	1	0.000005	00110000101
11	1	0.000004	00111011011
11	1	0.000003	00101101011
11	1	0.000004	00110111100
11	1	0.000002	00010101011
12	1	0.000006	011101011101
12	1	0.000008	101011000011
12	1	0.000004	100101111101
12	1	0.000008	001110001100
12	1	0.000005	010101011101
12	1	0.000005	011010110011
12	1	0.000006	011110011101
12	1	0.000011	111111001000
12	1	0.000009	110011100000
12	1	0.000007	111100000101
12	1	0.000007	101110100110
12	1	0.000009	110111101100
12	1	0.000003	110100111101
12	1	0.000008	111011110001
12	1	0.000003	011000011101
12	1	0.000003	101000101011
12	1	0.000006	101100000011
12	1	0.000006	100111101101
12	1	0.000004	101000010101
12	1	0.000004	110110111111
13	1	0.000008	0100000100011
13	1	0.000010	1000000100001
13	1	0.000009	0000111000011
13	1	0.000008	1000101000101
13	1	0.000012	0110100000001
13	1	0.000013	0111010010001
13	1	0.000009	0111101100110
13	1	0.000005	0010011111010
13	1	0.000010	1111110111100
13	1	0.000006	0110000111010
13	1	0.000009	1011001001100
13	1	0.000010	0101111010101
13	1	0.000010	1010110001110
13	1	0.000006	0011111101111
13	1	0.000013	1101110001010
13	1	0.000042	1010001110101
13	1	0.000012	1111011001100
13	1	0.000010	0100100010001
13	1	0.000008	1010110101011
13	1	0.000004	0000001000111
14	1	0.000017	11000110001001
14	1	0.000010	11000000001001
14	1	0.000006	11001000011110
14	1	0.000009	01010111011111
14	1	0.000014	01001111011010
14	1	0.000011	00110111111010
14	1	0.000015	10100110000000
14	1	0.000015	11101011001001
14	1	0.000014	10110110100110
14	1	0.000006	11010100011111
14	1	0.000010	11101100010111
14	1	0.000014	10100111100010
14	1	0.000010	10110011001110
14	1	0.000009	10000010011010
14	1	0.000012	11011111101101
14	1	0.000014	11101001000010
14	1	0.000011	01100110010111
14	1	0.000009	11001000100011
14	1	0.000010	11011001101001
14	1	0.000008	01000011011100
15	1	0.000016	111001010001110
15	1	0.000011	110011001011101
15	1	0.000011	111110010101101
15	1	0.000014	110111111110011
15	1	0.000007	110011001011111
15	1	0.000024	110011000000011
15	1	0.000020	111011011001100
15	1	0.000019	010000100110010
15	1	0.000018	010001111000101
15	1	0.000026	101110000110000
15	1	0.000009	111001000111110
15	1	0.000008	100010110101111
15	1	0.000013	101100101111001
15	1	0.000013	111001010000111
15	1	0.000024	001000100100100
15	1	0.000023	011101100100011
15	1	0.000024	100101000000000
15	1	0.000022	111111011100001
15	1	0.000027	101110111000010
15	1	0.000022	001110100000111
16	1	0.000032	1111101111101010
16	1	0.000022	1001000001011000
16	1	0.000024	0001111101011111
16	1	0.000043	1101011110100000
16	1	0.000024	1001110110011011
16	1	0.000022	0001011000011101
16	1	0.000032	1011111110010011
16	1	0.000030	0101001010000100
16	1	0.000022	0001011011101100
16	1	0.000013	0101001001011011
16	1	0.000037	0010111010001000
16	1	0.000014	1000000001011100
16	1	0.000021	0110000001110000
16	1	0.000014	1001110011101110
16	1	0.000009	0001000100111111
16	1	0.000011	1110110010101111
16	1	0.000044	1101111110000100
16	1	0.000018	1000010011101000
16	1	0.000030	0110011000000011
16	1	0.000023	0111001001011100
17	1	0.000052	00100110011010100
17	1	0.000043	11011100100100101
17	1	0.000034	11001011101010011
17	1	0.000018	11001110111111011
17	1	0.000041	10010011010001110
17	1	0.000055	01001100100000001
17	1	0.000024	10110110010111110
17	1	0.000056	00010011010000001
17	1	0.000023	00111101001111111
17	1	0.000045	00110111000110011
17	1	0.000046	00111110010100011
17	1	0.000019	11110001101011011
17	1	0.000005	00001000111111111
17	1	0.000039	00001101010001011
17	1	0.000054	10011010000100001
17	1	0.000053	01111100010100010
17	1	0.000043	11001111101110001
17	1	0.000037	00110011110100101
17	1	0.000037	10111011010101101
17	1	0.000024	10001000010111100
18	1	0.000076	000011101100000100
18	1	0.000044	001111001101001011
18	1	0.000029	010100101000111111
18	1	0.000054	011001001101010010
18	1	0.000029	111101100100101111
18	1	0.000074	100111101010010100
18	1	0.000052	010010101001101010
18	1	0.000045	000001001100011010
18	1	0.000014	110000100010101111
18	1	0.000062	010101010011001000
18	1	0.000071	011101010100000100
18	1	0.000071	101001111001010011
18	1	0.000019	101100001111010111
18	1	0.000055	110100000100000011
18	1	0.000045	101111110001110111
18	1	0.000033	111101010010110111
18	1	0.000063	011010110001001001
18	1	0.000035	111000000011011000
18	1	0.000047	011111001011010110
18	1	0.000036	101100011101001111
19	1	0.000043	1010001000111110100
19	1	0.000068	0111010011110011001
19	1	0.000065	0010111100111010101
19	1	0.000118	0011101111001001001
19	1	0.000081	0001101101010011010
19	1	0.000074	1110101110111110001
19	1	0.000022	0001011001101101111
19	1	0.000134	1111111001000101000
19	1	0.000052	1110010011010111010
19	1	0.000074	0000010011101001100
19	1	0.000114	1010010110010000110
19	1	0.000033	0000101101100011111
19	1	0.000066	1011111101010010111
19	1	0.000077	1101111111011101001
19	1	0.000059	0001011010110101101
19	1	0.000018	0101001001001110111
19	1	0.000123	1111011011000010001
19	1	0.000088	0010111110010101110
19	1	0.000035	1111110001011110101
19	1	0.000095	1100100111110110000
20	1	0.000077	10000000001101011000
20	1	0.000097	00010001000001000011
20	1	0.000046	10100011000001111110
20	1	0.000086	10101010111101001111
20	1	0.000100	00000001011111010000
20	1	0.000104	00001100010001011001
20	1	0.000086	01100110011101111100
20	1	0.000141	11111011101001001011
20	1	0.000053	00101101000100111101
20	1	0.000086	00100010011100100110
20	1	0.000141	00111110001000000110
20	1	0.000104	01001000001001001000
20	1	0.000050	00000100000110001101
20	1	0.000101	10101111000011001101
20	1	0.000073	00100110101011011010
20	1	0.000096	10110111011100111111
20	1	0.000279	11101111111011010011
20	1	0.000162	00101110100110101000
20	1	0.000089	00011010100110010101
20	1	0.000151	11111100011101010000
21	1	0.000168	110001000001111000010
21	1	0.000173	000100010000101000101
21	1	0.000076	100010010100111110101
21	1	0.000227	010010010011000010110
21	1	0.000197	111000000100101100001
21	1	0.000079	111000111011010101111
21	1	0.000282	111101011110011000100
21	1	0.000179	001111011010110010110
21	1	0.000206	101110101001110000101
21	1	0.000227	011011110110011000110
21	1	0.000069	010001010111111101001
21	1	0.000212	100101001010101000010
21	1	0.000185	001101111110011011001
21	1	0.000080	000001010101101011110
21	1	0.000103	101010011110101111110
21	1	0.000136	101000011100100110111
21	1	0.000272	001101110100101011000
21	1	0.000182	111000000101101001010
21	1	0.000288	100110111111000010001
21	1	0.000199	000011110100110011101
22	1	0.000218	0110000010100000110011
22	1	0.000221	1100011111100101110111
22	1	0.000155	1101111000011110100100
22	1	0.000155	0101001000001111000001
22	1	0.000390	1011111101100001110000
22	1	0.000316	1100010011100110100001
22	1	0.000189	0111010111010101110011
22	1	0.000241	0001100000110100010000
22	1	0.000228	1010000111010101001001
22	1	0.000253	0011110101001011001010
22	1	0.000241	1101100001100101011010
22	1	0.000172	0110010000100110100110
22	1	0.000120	0000100011001111101100
22	1	0.000301	0001001011001000010000
22	1	0.000380	1100011111110110000001
22	1	0.000256	1110101111101110101110
22	1	0.000315	1111001110111000101100
22	1	0.000314	1010010011110000001101
22	1	0.000329	0101100111100101110100
22	1	0.000083	0011001010010011011101
23	1	0.000426	01111110001010010011010
23	1	0.000263	01100111010100110110011
23	1	0.000148	11010001100111110111000
23	1	0.000389	00001000011011000010011
23	1	0.000500	11001010110100000000101
23	1	0.000505	11010011001000010000001
23	1	0.000177	11000100100111001100011
23	1	0.000195	11001101101111111011100
23	1	0.000546	00000010111001000100010
23	1	0.000325	01010011010011101010100
23	1	0.000230	11000110011111011110100
23	1	0.000425	11001010111100110001011
23	1	0.000319	11111001000001000101110
23	1	0.000107	10101010001010011111101
23	1	0.000402	00010111010100001001011
23	1	0.000544	11110101111000001100011
23	1	0.000319	01001101111011011100101
23	1	0.000539	10100110011010010110000
23	1	0.000471	11010101101101011010001
23	1	0.000224	00001011101111001011011
24	1	0.000493	001100011101111011101100
24	1	0.007050	111111110111110111001001
24	1	0.000606	000100111011101100110010
24	1	0.000465	001010010100000100101010
24	1	0.000299	101000000101101010100101
24	1	0.000682	000011110111110101100001
24	1	0.000359	111000011110110011010111
24	1	0.000225	101110010001110110011110
24	1	0.000229	100110000100000110110110
24	1	0.000662	110011011100000011010010
24	1	0.000417	011011010001000011110110
24	1	0.000485	000101000001100000100010
24	1	0.000621	100110011011111101000100
24	1	0.000260	101110100011110111111110
24	1	0.000287	011100100110011011101011
24	1	0.000720	001111111010001001101100
24	1	0.000847	101110011111100011000010
24	1	0.000132	011000101000011101101110
24	1	0.000322	001101110000001001100111
24	1	0.000201	001111101000101110111111
25	1	0.001078	0111010011000010001001000
25	1	0.000964	1101101111101000110101010
25	1	0.000341	0111011100001100111010101
25	1	0.000756	1001100111011011001110010
25	1	0.000841	0111100011000001010101001
25	1	0.009924	0110001110100100010011001
25	1	0.000894	1011011000010011010010010
25	1	0.001012	1100001001100010000100010
25	1	0.000482	1010011000111110011001101
25	1	0.001414	1110111110111100110000000
25	1	0.001161	0100110101111011100010000
25	1	0.000731	1101111000001011101000100
25	1	0.001040	1101101011011101010010010
25	1	0.000912	0101000000100101001000010
25	1	0.000829	1001010101111111001001010
25	1	0.000674	0100011110000110000010111
25	1	0.001049	0111010011010101010010100
25	1	0.000888	1100111011001010111001000
25	1	0.000134	0011000000101110011110110
25	1	0.000430	0010110110100110101011110
26	1	0.001426	11001110101100111100000001
26	1	0.009218	11111111110111100010001101
26	1	0.001632	10101111101101010000100000
26	1	0.000997	00001001001010101001001100
26	1	0.000542	10101001100011110100100111
26	1	0.001316	11100110011111000010111001
26	1	0.000750	10001110011100010101110111
26	1	0.000876	10010101110111111011101001
26	1	0.000517	10010110000010100110111100
26	1	0.000652	00011010011011011111011010
26	1	0.001093	10110101111100110011000111
26	1	0.000395	00001001100010110101110110
26	1	0.001173	10010001111100100101101001
26	1	0.000268	10100010000011001111000111
26	1	0.011659	01011111011110001010001000
26	1	0.000963	00010001111011001010111010
26	1	0.000865	00110110011000101001010011
26	1	0.000612	10101010010100100101111100
26	1	0.000649	11000100010011111001011000
26	1	0.000262	11011010000011100011110111
27	1	0.011974	111100011010000011010001000
27	1	0.001935	110010110000001010001010000
27	1	0.000992	001001111110111101101101101
27	1	0.012588	011011010111001000101111010
27	1	0.001552	110001100010110000010101101
27	1	0.001122	001111011111111000111111010
27	1	0.001638	001001000001101100111000001
27	1	0.011320	110010100001110111100110011
27	1	0.001275	101100000101111011111000100
27	1	0.001237	100011110011010011100110011
27	1	0.001164	000011110011111001111101100
27	1	0.000367	000000001000011001110110110
27	1	0.012837	011001101100010011010101000
27	1	0.000193	110110000000101111011110011
27	1	0.002663	011110111110100111100100000
27	1	0.000773	011010101101001101111111000
27	1	0.012067	100101101111100100010111110
27	1	0.001427	111001101010010011010110010
27	1	0.002183	000010001011000100000110000
27	1	0.001790	110001011011011100110100100
28	1	0.011411	1001010010101011100000011001
28	1	0.002675	0101101100110000011001000001
28	1	0.002139	0100011001011011110100001001
28	1	0.010103	0111000110011111101101111111
28	1	0.002663	0001000011110000000000110110
28	1	0.001272	0101010000100011010101001100
28	1	0.006680	0010111000000110110011011000
28	1	0.001322	1010001000111010011001101101
28	1	0.001829	1010011011110000000111111101
28	1	0.000723	0000011001001010011110101110
28	1	0.001858	0101000100001110010001111000
28	1	0.011715	0000000110111101101101100101
28	1	0.001682	1001101110010010100010010111
28	1	0.001896	0111001110001011110010100100
28	1	0.012663	1000100001111000010011001000
28	1	0.000726	1001100100011001001101111110
28	1	0.001335	0111100000101110100010110111
28	1	0.001498	0111010100100010111110000010
28	1	0.000831	1011001000001111110110100011
28	1	0.011131	0100010011011101111111010111
29	1	0.001936	10110110001101011000111010111
29	1	0.002331	11110001111000100011010111001
29	1	0.013225	01111010101100111010100110100
29	1	0.014231	01001000001101010100010110010
29	1	0.003538	11010010010110110011000111000
29	1	0.001530	10010001011000101000001101111
29	1	0.012512	01011000110111100001100001111
29	1	0.002707	00101011011110101101010111100
29	1	0.012119	01010110001001011010101100110
29	1	0.003981	00110001011001110011110100000
29	1	0.015390	11101011111111100100101101000
29	1	0.013194	01101110001000111100110000101
29	1	0.015230	11010010000111011010010010010
29	1	0.002719	10111010010010000101100010111
29	1	0.001274	11100000000010001010001111110
29	1	0.015040	10110101111100111000001011100
29	1	0.014619	01000010101000110110000001010
29	1	0.002188	11010000111011010001111111010
29	1	0.013490	00110101111010110111010010100
29	1	0.014269	10101110100100110000100000101
30	1	0.003950	010111011010111110011101101011
30	1	0.028317	101110011011111101110010000000
30	1	0.016299	011111001101110111001001001001
30	1	0.004616	100101011001101111001100011001
30	1	0.013443	001010011001100101111001100101
30	1	0.015459	110001111011101110100111001101
30	1	0.016637	111000010011110100101101000010
30	1	0.015189	100001011101111111110010001011
30	1	0.003509	010101001011110000011110111011
30	1	0.014430	010001011001010100111010001100
30	1	0.014517	010000111111101001011111011101
30	1	0.015952	001101011111011001011010101110
30	1	0.002373	101001001101100011000111111001
30	1	0.014411	101000001100011100110101001100
30	1	0.015021	100100010111100111100100001110
30	1	0.014825	111011111111111101111111110000
30	1	0.003892	000110011011001010010101110110
30	1	0.016215	111111110100011011010001011000
30	1	0.004784	101010111100110110100100110110
30	1	0.015232	100010101010110101100101100100
31	1	0.021641	1001001101010111001000000100100
31	1	0.018201	1011110011111110101101111100001
31	1	0.005400	1011000110000100111100000111010
31	1	0.030852	0100100011110110000100011010100
31	1	0.030928	0100011011101100101101000000111
31	1	0.015101	1100100101100001001010010110101
31	1	0.004706	0110100010110100101110111001010
31	1	0.015009	0110101001010100100010010001101
31	1	0.015010	1111111010101111100110000101110
31	1	0.007022	1010101111011101001101011110001
31	1	0.002463	0000000110010101110100011110111
31	1	0.004609	1110110011111000101011101111111
31	1	0.004916	0001000011101010101100101111100
31	1	0.015532	0110101101110111110010010011100
31	1	0.004819	0110011010100111111011010100011
31	1	0.004016	1110101011101001101011001111001
31	1	0.004539	0011110111001011011010101011111
31	1	0.008997	1010110010101010100110001101001
31	1	0.013065	1101101111101100011001000011000
31	1	0.007480	0111100000110101001000110100101
32	1	0.009999	00011010111001001001000001101110
32	1	0.011236	01001111001001000010000100000111
32	1	0.009939	00000110101111111001010011111101
32	1	0.002167	00110100011000101011001011111101
32	1	0.017508	10011011001011111101111001100100
32	1	0.009497	00010010111101011110001011110101
32	1	0.013096	11111110110100100100010010100111
32	1	0.015950	10001001011110110001100000101011
32	1	0.010021	11100101111111010010110110111111
32	1	0.009886	00111111011101100110000111111011
32	1	0.015452	01111110011101110101111011010000
32	1	0.002671	01100101001000001011111001101010
32	1	0.013097	01101010010101101001101001010001
32	1	0.014738	11100000110011111111110000110000
32	1	0.014323	01100011100000010010110101001101
32	1	0.005964	10010110011000001000111111000100
32	1	0.013147	00010100110010110111100101010111
32	1	0.012627	10010000111010010011000101011101
32	1	0.011137	10011101110001100110010011110001
32	1	0.016084	01110100011100010010001000100100
33	1	0.022834	110010110000111011110100001011000
33	1	0.007785	111110111001100011111010111111000
33	1	0.016742	011011010100010110111101010100010
33	1	0.024738	000010100111111110111010010010001
33	1	0.022435	110111100000111100000101100011011
33	1	0.036849	110001111101101010101011100010100
33	1	0.022477	101000100100111111000111101110001
33	1	0.019934	010011010000010111001011100000111
33	1	0.013576	010100110110010000101011000001111
33	1	0.011104	011010010010011111010101100110110
33	1	0.023373	001101101100101110011101100000101
33	1	0.028405	001000111001010000010111010000001
33	1	0.020661	000100101000011110101001000001011
33	1	0.014112	001100110101000111100101010110001
33	1	0.016319	010110111110101101010101001101101
33	1	0.023175	100000011010100111101001010100000
33	1	0.014811	011110001010101001001011000101101
33	1	0.010914	111110111111010111100101001111101
33	1	0.026375	110001001111101110001111000001010
33	1	0.019071	111111001100011101111001010101001
34	1	0.018871	1011000011111010000110010010101011
34	1	0.026405	0100011000011101011111001100000000
34	1	0.028004	1101000110111001000010100101010000
34	1	0.025860	0010001100110011010001010011000100
34	1	0.037451	1010111011010111100011101100100000
34	1	0.011590	1011011111000110011001000001111111
34	1	0.023002	0001110011011111011111001101000110
34	1	0.021883	0011111100001101010011011100100100
34	1	0.016236	1000101110101111010111000011111110
34	1	0.003725	0101111001110000011001011111101011
34	1	0.008570	0101010100100001101011111010101110
34	1	0.033481	0000111111101001101001001000011010
34	1	0.007314	0100000100010110001111101010001011
34	1	0.019349	1101001010011001011011000011001010
34	1	0.016770	0001001100001010001111011001010000
34	1	0.030754	0101111111110011100001110101001110
34	1	0.009266	0000010101000111000110011100111011
34	1	0.018351	0001110001101001101010110110001101
34	1	0.023102	1011101001010001111101001110001000
34	1	0.027958	1000111010110001101010000010010101
35	1	0.040360	10101100011110001010010101001011100
35	1	0.039927	11101110101000110001111010001100010
35	1	0.032099	00100000110111110001000011110001111
35	1	0.014343	11010111010100011100011101111110110
35	1	0.035255	10111011001010111111111100100000011
35	1	0.026131	10011100011001101001110101010111100
35	1	0.026507	10100110110100011001011110101101100
35	1	0.014518	10101101101000011001001111110011011
35	1	0.013391	01110011101101100100111010110101111
35	1	0.049402	00100001011000111000100010000101101
35	1	0.033909	00101000101110001010001100111011001
35	1	0.042895	01110010110111010101010011011001100
35	1	0.013424	00110110100100111111001111011011111
35	1	0.048120	11010011000010010010011001001000000
35	1	0.033935	01001101110010100110001100101100011
35	1	0.038760	11011011010111001011000011101010011
35	1	0.030179	11111001101001010110101000101100101
35	1	0.040639	11111010111101111100111111000110001
35	1	0.014436	11101001001011010011111011011101001
35	1	0.059325	00101110111111110010001010011000001
36	1	0.064030	111010101000101010111001110000001000
36	1	0.007725	111010000000100011110000110110111111
36	1	0.030793	110001010111010110101111010100111101
36	1	0.013840	001000010000010101000111101110101101
36	1	0.028931	110100000001111000000110110111010001
36	1	0.057198	111111111111000110111010101000100011
36	1	0.025728	100010111101011000110100111010110101
36	1	0.079371	100010010111111001100001001101001001
36	1	0.057644	110000011111110000000000011011001100
36	1	0.031941	010100100110101100010010000101111101
36	1	0.090604	111001010111111110000010101001001001
36	1	0.066025	101011000010101101010100011010010110
36	1	0.075124	011001110001111010100011010001110010
36	1	0.069584	000010111111000110100010101001010010
36	1	0.071046	111001111001011101000001110011011100
36	1	0.067125	101001010100101000101100000001010010
36	1	0.142181	101010010111011111110001011001111100
36	1	0.132014	000000101111111001011011110001100110
36	1	0.204701	101010110011001111010001101000110010
36	1	0.184130	001000110111101101011100010010001010
37	1	0.192381	0111101100100011000000111001001001101
37	1	0.184388	0100101111000100111010010010000111110
37	1	0.057711	1100000000111011100011011101111000111
37	1	0.028477	1000000001000100110010110111111111100
37	1	0.058665	0100001000010101011011000011011110011
37	1	0.105938	1110111110000000010111010001111000010
37	1	0.119606	0110011010100111110110010101001100010
37	1	0.026229	1011011001100110001101111111000110010
37	1	0.026103	1100110111000010100110000110110111011
37	1	0.106312	0101101100101111101000000110010110010
37	1	0.100232	1100011011101101101111010000011000010
37	1	0.107296	0010001110101001111010110000110000011
37	1	0.047081	0110010111101101101111011010110000111
37	1	0.046817	1001010010001000001111100110100010010
37	1	0.027677	0110100110111100101110110111011001110
37	1	0.081271	1011101010010101000001100010010101001
37	1	0.100320	1100000110001101100111000000010001100
37	1	0.105459	0110101101010001010000101011000000100
37	1	0.064034	0011011110001101001001100000110101110
37	1	0.056756	1011100011110010100010111011001111000
38	1	0.134012	01100110000111011100100001001100011000
38	1	0.066724	11111000100000010100001100001110011010
38	1	0.117900	00000010001101001110101001000000110110
38	1	0.106980	11101010010101001101100010001010000011
38	1	0.055894	01001010111000101111000111010101111111
38	1	0.069808	10111011000000010100011111110001001000
38	1	0.069948	01011011111110011001001011110011101011
38	1	0.065569	10000001111110110101010001111110101110
38	1	0.130941	11000001011010011100000001000110110100
38	1	0.054912	01100110110100001100010100101001101111
38	1	0.122938	11100111000010110111000010010111000110
38	1	0.048086	10010111010000111010110111100110110111
38	1	0.116560	00111110001010110011110111000000000011
38	1	0.056797	00101101010000011110101110011001010111
38	1	0.125034	00111010101100101011000011001001100001
38	1	0.108257	00000111011111100010110011110110000101
38	1	0.072094	00101001001011100101010101010111001100
38	1	0.069165	10110101000010111010100000111011011110
38	1	0.089499	10110110000001011000111001000100110100
38	1	0.098098	01101110001001111001111011100100010001
39	1	0.066289	100010100100101101101111011111010011011
39	1	0.165368	010100001000000000110010001010110000011
39	1	0.061736	100011000111001110001000010111111101101
39	1	0.148508	111011110001111000010010000101011011100
39	1	0.184035	100011001010010001000110000000000011101
39	1	0.195920	010010001100000101110110100000101110000
39	1	0.120496	010011100100101110101101110001000110111
39	1	0.196525	101111010101011111011100011000111010001
39	1	0.104383	000010011101011001101011101001111010110
39	1	0.210992	000101001110010110001011000010101000010
39	1	0.207357	110111010110101110111100101000010000111
39	1	0.068879	100101110010000001000111100111010010110
39	1	0.149857	000111001011001101010110110011100000110
39	1	0.214412	100100101111010110001010100001100010001
39	1	0.093717	110111011000101100110101100010001111101
39	1	0.075634	101101001000010110111100101010101111010
39	1	0.250007	011111101111001110110010000010000011010
39	1	0.152873	111111000100000111110110110010010001110
39	1	0.258002	100011010100110111111000011000100010100
39	1	0.048579	010110000001010001001100100011001110111
40	1	0.242098	1111101000011111001000001001001101100110
40	1	0.225478	0111111011001010000000101101011000001000
40	1	0.230602	1000010001100101101000010110000001011100
40	1	0.044046	0101110110000100000100111010101001110111
40	1	0.349488	1110010111010011101100111001000110000010
40	1	0.089229	0110000100100001000101001100100110100111
40	1	0.250768	1111101101001110111010011101000011011010
40	1	0.052888	1010110100001010000111111001101011101100
40	1	0.082793	0110111111101000000000100001111111011001
40	1	0.160058	1101000001110111011110101100111011111001
40	1	0.183999	1110000101010101011011001000110011110010
40	1	0.219575	1100000100011101110001010001100001010101
40	1	0.134222	1110000110010101100010100101100110011010
40	1	0.122735	1100111001111101001000111001001010111111
40	1	0.145600	0010001000100000111110001010011101100011
40	1	0.091800	1010010000001000001011110001101001101010
40	1	0.111068	1101100101000001110101101100111010110110
40	1	0.197352	0000010101101010011001111010001100011100
40	1	0.280557	1011000011001001111111001100101000010101
40	1	0.278093	0111111100110100100101110100100001110000
41	1	0.297749	10000111101000000110001001000001101101011
41	1	0.415212	10111110011101001111010011100011101010010
41	1	0.078031	11111111000010000100001101111011110011100
41	1	0.295186	10011111111010100010001000100011101110011
41	1	0.314400	10010011000011111010001000101110100001111
41	1	0.143266	00100110001010011101100011100111011100111
41	1	0.426343	00111101100110001010000010100111100100010
41	1	0.304588	00100001010100000001100000100101111010010
41	1	0.372989	00010011000001001111100111100100101001001
41	1	0.525951	00001011011111111011100010000110011000011
41	1	0.342072	01110001101111101010011100110101101100010
41	1	0.407519	00100110011000111010000110110110001010001
41	1	0.416948	11001010011100111111111101111010001100000
41	1	0.281262	11010101111110101000001110100111101001010
41	1	0.156203	11100100000011000010001001100111010101101
41	1	0.305424	10011000011111110011101111011011010011000
41	1	0.341921	10011111011110001101011011100111000111000
41	1	0.050051	01010100111001100100111010111101111111010
41	1	0.039459	01001011011000100100010110111110001110111
41	1	0.201185	00000001000111000001010100111011001010110
42	1	0.359382	000110011101111010110000101011111110000111
42	1	0.028942	100000110100011000001101110111011110011111
42	1	0.477590	011000101010111011100111100110110001000101
42	1	0.223360	101100010101101101000100001010011110111001
42	1	0.231682	101011111000011010010001111100100101101011
42	1	0.157402	101110101010100001110110111001110111101101
42	1	0.430750	011001011101010000101110010111101000110000
42	1	0.301792	101101110001100000101010101111010001010101
42	1	0.416887	100100001000000110111101101110010100111000
42	1	0.188445	110011010011011000000000000011111100110011
42	1	0.421368	001011101100001101100100011101011100010001
42	1	0.523647	111001010101001010011100001000011000001111
42	1	0.282288	001001101111110001110011111100101001111111
42	1	0.210335	110000010011110000100100000011000101111101
42	1	0.380361	101011101000000111101100000111011011011001
42	1	0.108012	110010010001001000010001101010110110011110
42	1	0.492646	000111010000111010010011000011101001100010
42	1	0.731774	011110010111110110001010011010010010000000
42	1	0.649738	101011011010001101111111000011010110110000
42	1	0.395921	100011011110101101111111000001111011111100
43	1	0.699550	1100100111011000000001000110000010110001101
43	1	0.168796	0110111111000110001001011010110001111111001
43	1	0.088480	1000001010001001001010111111110101110011110
43	1	0.516899	0011000100001001100111110011011001110010100
43	1	0.729314	1001111110000111001110110110011100010100011
43	1	0.592465	0011010100011101010100110100000100111110110
43	1	0.735023	0000101101110011101001000101011000100110011
43	1	1.095581	1001111000011111101101110011000010100000001
43	1	0.998595	0100101101010011001111011010000011001110000
43	1	0.995780	1011010100010110110111100011000000101111000
43	1	0.247361	0011011110000010000101110110100111100011100
43	1	0.705405	0001100101000101100010000111000010100011011
43	1	0.330309	1001110011110110000101111100111000001001111
43	1	1.040687	0111110111100111011100110101100100101000010
43	1	0.551305	1110100011111111011110101111111010110001100
43	1	0.689396	0011111111100111011101001001000001101111110
43	1	0.630666	1100000110111110111011000111011011110010001
43	1	0.944515	1010011000001101001110000100001001001010011
43	1	0.380501	0000000000001001000111101011100010011011100
43	1	0.370827	0101000101000010010111000111100101011010011
44	1	1.192743	00101001001011101101011000111000011101010100
44	1	0.500306	01110001001000011101011101110100011101010011
44	1	1.023690	00011001111011100011010010111101111010100001
44	1	0.293197	11110110000110010001101010011010011010111011
44	1	0.661607	00101101000101010000100111010000010101101100
44	1	0.999811	11100001001011011001100111001000011010100101
44	1	1.278628	10111011000011111010101011000011000011101000
44	1	0.513643	01011100000100010101000000011100001110101101
44	1	1.018740	00011000010110110001010111001110010101000100
44	1	0.428715	00101100110100100100001100111110001001110010
44	1	0.458070	11100101001010100110010010110100001011011111
44	1	0.680679	10100000101101010001100111011010111000110001
44	1	0.497748	01000100100001101001101011001100001111101001
44	1	1.021705	00100001010110111010100101000100011011011010
44	1	0.289461	01100011010001100100001000111111110001001101
44	1	0.825989	10110000100000100011101100100100001100101001
44	1	1.126265	01010011010100000111011000100000011001101000
44	1	0.562545	00100110010100000011000110101111010000010101
44	1	0.715258	01101010001001001000000011001000111100000110
44	1	0.654886	10111101111110110010110101111110111010111101
45	1	1.415876	101000000001111110001011110100111010100100100
45	1	0.676653	011101101110010111001001100101101101100111101
45	1	0.925168	101000100111111000110100010011011010111110110
45	1	0.727598	110110011000011011101010011001000111101001111
45	1	1.149607	111011000001011111110101010111100010101101011
45	1	0.640947	110000110010111010110011010100101111001100111
45	1	1.863225	000001001100110100111011010010001010110100010
45	1	2.366935	101111011110100110111111011010000000000111001
45	1	2.381324	010100011101101010111111000001101100110001000
45	1	0.539785	010001111110000000110010010101010110110111001
45	1	0.665956	111001001010001101000001010001101111000101011
45	1	2.359529	110111110111101001111100111010111100010100000
45	1	1.455023	101000010110011010010001001111000000101000111
45	1	0.670613	111110100100001110000001000110101011011001011
45	1	1.867940	110001000100001001001011110000000000000010001
45	1	1.617396	001111100100010110100100110100011100010100011
45	1	0.357999	010011010110001100001010100001011011000111111
45	1	1.972050	010001001110110100100001010100110011000000010
45	1	1.175070	110111110111101001000011001111000001110101100
45	1	2.488540	001111010111010101111100011001100110000000110
46	1	0.485431	1000001111000001110100001111010101011111011100
46	1	2.105783	1110010111110011011010000100001001100011111001
46	1	0.972008	0011010000100000001110111110111000110010010101
46	1	1.464399	0101101100111111100100000011111110100011101010
46	1	0.888700	1111100010010001100100110111001001101101011001
46	1	1.360900	0010010000101101001011100000101100011111010111
46	1	1.689030	1111101100100001110110000010011010111100011001
46	1	1.258840	1101001001100100111000010111101100111000000011
46	1	1.094327	1101110101000101010000111110000100101110010110
46	1	2.561366	1111101001111000111111001111010000010111000110
46	1	2.291115	1110011010100111100101000011101111001001000010
46	1	1.908294	0000100110010110100011101010011111000000110011
46	1	2.626252	0110011110101111101011010000001110101001110001
46	1	1.207791	0111010001000011110000010000010000010111111010
46	1	2.476568	1110110001110111011111011000001001110111000110
46	1	2.175822	1001111111010010101100001110110000011000110100
46	1	0.712783	0000000001111010100001001011010110110011110010
46	1	1.354411	0000111001010000010010101101100101100100001101
46	1	0.742833	0101010111010111000110011111001101010011011111
46	1	1.549259	0011000001000110101000100101101010000111101000
47	1	4.778458	10001000011011111001011001000110110010100100100
47	1	1.577985	11001111101001001111110111111110001111101111000
47	1	2.346145	10100001100110001111111110111100011101111110000
47	1	3.943212	01000111001110010000011110111110010010100100000
47	1	1.935254	01110101111110001101110010100010001111111011101
47	1	1.513960	11100111011100110010001101110111010010010011110
47	1	1.403177	10100100010000011101010111011010001110101101010
47	1	2.059165	01110011100111010101101010011110111000101001111
47	1	1.831517	01110101110111110101001010111001111001101110011
47	1	1.761438	10001011100111001000100110111001111001001101001
47	1	4.393752	01011000110011011100100000000000100010100010011
47	1	1.439402	00010001001101011000000000001101001101010101111
47	1	4.231643	10100101001010001010101000000101000011000111011
47	1	1.596226	10101011011101010100111010011011000111101111110
47	1	3.253608	11100101111100111100011001110001100110101100011
47	1	1.498910	11110011100000111010010000110111101101111010001
47	1	1.496170	10110010000001010000110110000111011100011100101
47	1	2.493665	01010111001001101010100010001101101010100101110
47	1	4.169923	01101000110111010001111010010011000000001101111
47	1	2.049450	10001110010111101100010101001100011010110100111
48	1	3.317784	110011100010000000110101010001011001000001111001
48	1	1.838685	001110001010010000111010110111101101010101111000
48	1	3.107508	100110100000100100000001011101001111000100001100
48	1	6.668450	110001011011001111010101011100000100110000000110
48	1	0.617173	010010010000110000101010100101111011111100100111
48	1	4.315831	100011100011111001010110101100010011101000101101
48	1	2.228595	000000010000110110001101011000100011010111111001
48	1	5.731793	001000110000111111100010100100001100010100101001
48	1	3.797010	001010001101111110000111000101011010101010101111
48	1	4.393709	101100010100100110110011111111010101000100101001
48	1	4.204192	100011001101001001011011010011110101110110001010
48	1	3.842579	110000110110011001011101110000110111110111010001
48	1	1.412826	010011010001000110100101111111100110011010011101
48	1	0.780265	011001011010101100000001011101011100010111001111
48	1	1.559700	001010111100101101010100101011100101111111111101
48	1	2.522209	000101010010000000010011101110100000011101111000
48	1	0.785378	110000011000001100101001010000010111110011111111
48	1	2.675444	000111010100100111010010101011011001111001110100
48	1	4.009619	000011101011111110100111111110111110010111010100
48	1	3.042919	111111000101000000011000010011001101111000000101
49	1	3.872067	1111000110100100001101111100011111010011110000111
49	1	5.028727	1101100000100010011100101011000101101101010101100
49	1	3.465757	1000100000010011001101110101001010111111111000101
49	1	4.969592	0011011001010101011001100101111010101001110100011
49	1	2.180680	1011100100000110100100101111111000100001101001111
49	1	0.926383	0001100010100100001001000110011001111111011101010
49	1	8.563981	0010011111001111001100101010110100000100100001111
49	1	2.326268	1001010111001001000011011100011100001011110111011
49	1	9.914067	1010101110111100101100100111100010100100000010110
49	1	6.344780	1000111110101011110110100000100100101111111110001
49	1	3.560616	0001101111011010001110000100111101100101010110011
49	1	3.395252	1000101011000001100000110111011011101111010000001
49	1	4.743072	0000000101100011010100011100011101110011101010000
49	1	5.192029	1111111100011010010100001101000110010101001001011
49	1	5.953676	0011101101101101001111111101110100100101100011011
49	1	1.865996	1100001010111010011001000100111010111011010010111
49	1	1.923348	0001110110100000011011100100111000110111110110111
49	1	3.108628	0100110000111111110001011101010111100110001011111
49	1	7.047384	1111000111010011011001001001001001011100000110011
49	1	3.618856	0001010110101001111000000100011001100111001111001
50	1	5.391100	01010111010111110010100011001110110101100111100101
50	1	5.987444	11111010011110101001100110011011001100111101101101
50	1	6.456098	00000111100011110110010011011010011000111010101110
50	1	12.426299	00111011001110010101011100001000100101110000100000
50	1	5.568023	01001001101101000110000000001100000111001100110110
50	1	13.467981	01101100111100101011101110000001010011110010011010
50	1	5.954443	10111010001011010011010101101111000011001010011101
50	1	9.027402	11011001111001110101001010000101111001010001111100
50	1	9.443297	11010111111110110011000000100011001011000101000101
50	1	5.727694	01001011010001100011001110011111110001011110001101
50	1	3.731268	01001010101101101010001101011101011011100011101011
50	1	2.527319	00000101010101111000001101101010111111011101011010
50	1	9.918201	11100000011101111101010000111001101101000100000110
50	1	11.576218	10101110110110101100110110101110111010100011001000
50	1	8.865797	10111101011001110111001111011111000110010100110011
50	1	7.145282	00010000110110100000100000000100001101001101000101
50	1	13.626061	11110001101011111101111110100001110010110001000101
50	1	7.313592	01100110001001011011100001010011000100010100011101
50	1	13.345305	01100010111101101001111100111100010010110110000000
50	1	0.619255	10100110110001000001101001110101111011111110111011
51	1	15.919898	000101111001011101010010111001000101001110011101000
51	1	15.119454	011101110000011111110001011001001001101010000100111
51	1	12.179788	011001111110111001101110011101001001011100111001001
51	1	7.503430	000110110000000100101010110110001101000110110110101
51	1	11.040194	111101101000000011011110111100100110001101010100111
51	1	16.016438	110110000000111001000010100000111100000101001101100
51	1	19.795029	011101001100111010000110101001100000000000111110100
51	1	3.869398	100111000010001011010101010111010100010101101011111
51	1	22.202306	111000111111011111011111101101001000101100001100100
51	1	9.774032	000110111000110110010110111101000101111111010011000
51	1	7.731039	010100011111101101010001101111000101110011111011100
51	1	5.090611	010000101110010001100101001100101011100101101010111
51	1	18.013139	010011111011111111011100100110000011000111111100010
51	1	4.675764	001000000111010011001110001011001111111111000001011
51	1	12.887316	000011110111101011111100000000111110001001110100111
51	1	14.013701	011100011001101001011000110001011110000100011110001
51	1	15.367014	101101111101001001101010110111011010001011110010000
51	1	16.805386	100111100101101010011111001000011110001110000100111
51	1	9.351868	110001110001000001000110011000001111100100111010100
51	1	2.993807	110001010101000000100011010010001010011110011011111
52	1	22.865290	1010111100101110011010010010000000110101000101001100
52	1	28.210641	0100011100010001110101111010110010000101001000001101
52	1	24.566437	0101100011111000010111000100011001100000100010110110
52	1	21.092746	1001001110001000001010110100000000101100101100110001
52	1	26.300439	1101110010101011101110110010100111100000000000011111
52	1	15.295760	1111011100111011110110011100010111011111110110101110
52	1	25.169627	0100011110110011010011010110001110110101101000010001
52	1	20.477063	0010110001000101001111001001100011000001100101111000
52	1	5.246454	0010100000110110100101010001111001100101111000111011
52	1	29.688771	1100101111100100111000111100010000100110000000100100
52	1	17.326089	0001101010010110000001100111001001100011001100010001
52	1	30.060341	0100110101110100110011111000001100000001000001110100
52	1	13.539347	0111110100100000101100010100001100000110111100111100
52	1	8.913735	1010000001100010010011101100100100111111001110101111
52	1	17.813167	0111101000110010110010001101000110010101110011000110
52	1	15.409309	0111110001100010111100000101010010111110000101111000
52	1	15.680144	1001101111111001100011001111111101001001101011100101
52	1	25.736213	1001010000010101100011110110011000100110000110000000
52	1	17.940644	0110000000110010101110000111011001000100110001001001
52	1	17.453804	0010101001010010100111000000000100110101010110110000
53	1	17.719495	10001000011100110101110011100001111000100111010110111
53	1	23.407932	00001011100111000110010001011110101100101001110010001
53	1	40.105965	01100001001111010100010011001100001111010000000011000
53	1	18.883856	01100010110011001100001100110100100110111010001110001
53	1	26.211006	00111001101000010000010101010000101011101101000010110
53	1	38.040383	01011101101010111101110010100010011001101011100000011
53	1	41.997872	11111100001011101011101111100111101011010001101010000
53	1	4.313617	10010011011101101100100000111100011111110100110111100
53	1	18.381187	00011100100001100000101111011110100011010011100101011
53	1	11.933550	10001101000011100100000010010010110111001111110010001
53	1	36.645927	11111101100110100011110000110100101001010001100110000
53	1	40.027175	10100001010100001011010011101111110000000000110010000
53	1	31.722068	00100001010111011000101001000000011111101011100101000
53	1	12.286774	00111100110101101001111001000111011111111010010011111
53	1	23.333092	01101000010111110010100110101101100011111001110011000
53	1	8.316576	00001011100100001011000100110101000011100010110101111
53	1	27.847962	01111011100010101011001011010101001011011000001010111
53	1	13.803772	01001001001000001111001101011001101001011111110001101
53	1	22.159668	01101111010101011110111000111001101010011101000011110
53	1	34.323890	11111100010011011100111100010010111011001110010101000
54	1	57.836114	111001010000101101111011011111011011000001010110000100
54	1	17.322578	000000100111111001010100110011110110101111110001011101
54	1	33.888781	110010100010101011000001011101010010100100000101110101
54	1	36.291994	000110011101111101010010111100101010100111000110110111
54	1	2.278651	001101000010001010001100100111101111101100111110101101
54	1	38.628685	011000010111100000110101110100001001101011110011001010
54	1	50.459671	111101010010100111011101101000111001000001010011011110
54	1	26.297254	000001111010111001011011011110000111110110101111111110
54	1	27.319301	101100111010101111101000100100000101011001110001110111
54	1	14.945186	011010011001100111000000110010100010101011101111111000
54	1	38.708664	110110001000110100101010001011110011000000101001000010
54	1	26.176371	000101111100100100101001101110110001010001110110111010
54	1	24.163050	101001101101111001001101110001011110101111101010111111
54	1	48.873011	111001100011001111100011001100010000110011000110110001
54	1	16.568129	010010100001001111011001001110100011101101101111100011
54	1	40.136922	101110000101110011110110001001101011101010000110101101
54	1	45.526472	110111110110001111111011001111010110010010110101101010
54	1	15.639724	000110001110010010101001000000011011001001111011110100
54	1	46.070031	001100111001111010010011111101010101011100110010111000
54	1	42.506854	000111001110110110111110001000000101100001011110101111
55	1	11.299258	1100110100100100101010001011010010011111111010101110011
55	1	48.542600	0001010001111010001100100010110111101010010010000111010
55	1	27.115041	1011010010101011010101100011011111001100010010111101110
55	1	48.092907	1110100100011001111001110110100100010010111101100111101
55	1	69.777391	0001000001001011100111101110111011010010010010011110001
55	1	49.600372	0101010011110001011000101111100100100101111000011110011
55	1	86.600977	0101001101011100001110011111000111110011000001111000001
55	1	34.979791	0011001011110111100110111001111110100100011000111111111
55	1	106.028347	0100011010101011111001111001111000100110011000001000100
55	1	13.416328	0110110001101000011010001011101110111000011111101010101
55	1	82.577234	0110110011011000000101010100000001100111011001000000101
55	1	68.331940	0101101011111100110010111010000011110111001101101001001
55	1	54.233340	1101111111100111011001000100010011010000110110110101011
55	1	95.905238	1111011011001011010111000111001011000001111000010000010
55	1	55.363336	1000101110101110000000100001011110100101001010100011000
55	1	63.945416	1111111001110110100001110011001101011000001101111100100
55	1	63.610267	1100100010111110100010001000011001101001100110101010010
55	1	77.273406	0111101010110111001100010000011100000111101110000010001
55	1	3.268180	1010010001000100000100100100011111000011011001101111111
55	1	18.912901	0110111011000001001100100011101001110110111101100101010
56	1	98.123160	01101101100011011011001110010100010001100100111000111011
56	1	90.382789	01000100011100011100111001101110010100010001100101010011
56	1	30.321377	00100101100010011010110110000100111111100010110010111110
56	1	29.645536	01001110111001000101000000010011000110101110101110010101
56	1	65.302570	01100011101011111110101011001111011111111101000010100111
56	1	119.311691	11101010010110000001111101011001000110000000111000100111
56	1	95.910468	00111000000100010111101010111011111110000010110010000011
56	1	57.316661	01000010010101010001000011110011010111000000101011101110
56	1	19.448332	11110000100001011000010100110010111000011011111111110110
56	1	61.817548	11000001111101011100111010001011101111010101100011011001
56	1	95.857367	01001110110010100100111100010101000011100101110010111000
56	1	93.637396	11010101010110011111001100101010101010100100010011111001
56	1	104.617818	10111011000101110100111010110010110001011010111100010101
56	1	24.895719	10001011001101100100110001101001111010110111110111100111
56	1	146.459502	01110010100000010101111111110110110010101100010010001010
56	1	141.037498	10010011010100101100000101110100000110000100001010111100
56	1	24.103018	00100010011011100100001100000011100110011111010011000111
56	1	85.216991	11101001001100110001010001100110010010010101000010101110
56	1	136.837558	00101111010010011101010110110000000001110110101011010011
56	1	78.311046	11001011010000011011011000110010111101111101001011110000
57	1	70.120402	111011011001001100001110101101001011111011010111101110010
57	1	159.857287	100111010011101111111010011101010011100111010011010101100
57	1	123.298665	100011100000101011010111000110011001001100011100101011001
57	1	52.024005	100101011011000101000010111010110100110111111100001101011
57	1	60.541185	001000001001110100110001111000110101100001011100110111111
57	1	90.508359	111100001000000010100100110001010110011101111000011010001
57	1	119.537402	101110110100110010101010001001110011000110010111011000001
57	1	91.512404	010101111100101001001000110001000100001011100101011100111
57	1	26.016301	010011110110101010001000010001110100111111100101100100111
57	1	17.534253	001000100010011001010000000110110110010111001111100101011
57	1	181.379865	100010011000001011011101000101000100000001000101010010110
57	1	158.932394	110100100110011100001000010000110100010011100110000100100
57	1	98.687164	111110101010001110100101111010100101011101100111110010011
57	1	56.864747	001010001111000111010100100101001010111110001101101110110
57	1	26.924887	111100011011100000110100011000111100011011111101100111110
57	1	167.834900	111011110101010001010011011011010010111110100100011000100
57	1	246.197373	001111110111111011100010111101000010100110001110010001000
57	1	183.368749	011101010111010001110111110000110111110000101001010011001
57	1	202.915335	110010011001011100110000101100011111000011000010111000000
57	1	24.758695	000110100100001010000101010100001100011110111101111111100
58	1	80.290425	0111000001010001100100011101110011010111101101101110001101
58	1	64.553078	0010010001000101011001011100110000010111110111011011111101
58	1	263.386774	1011001000100010111001110111101100001001000010011101001011
58	1	99.992697	1100001110100101010000010101101010001100011000111111011010
58	1	202.829913	1011000101100101001101010110011110000100111110000100000101
58	1	45.808357	0110101100000010010100010100111010100101011011100100011111
58	1	193.742045	1101001010011101100001100101011110001000000010100100111100
58	1	192.161343	1000001100100111010010101010001110011000100101000000110100
58	1	119.373086	0110000000111000001110000101000000011011110110100110101000
58	1	124.957911	0101000100111011001001110000001010011100011011101011010000
58	1	250.480320	1011000011111101110101011101101111010110101110001011010000
58	1	215.192037	0100100111001011001010100010100100000101100010000110010001
58	1	209.205709	0001111000000001101111101010001011000001011111100101000000
58	1	112.378199	1000001111101011010101000000110101011011001001011001001011
58	1	254.179575	0010001000101001010101111100100010100000101101000101011000
58	1	220.101943	1001001101110111001100001110010010000101000110111010001010
58	1	175.714001	0101101111001101001001100111011001111110010111000101110000
58	1	125.033629	0001011101110001011001000011111100111001110011111100001100
58	1	164.700685	1011010100011111010111101100101011111000100000101011111111
58	1	194.291276	1111100101111000110110000001111111101110010010000010100011
59	1	466.421160	11101010011100001100110101011101110001011001000100011010100
59	1	48.672581	10100100100100110100000000101101011010000110011111001111101
59	1	399.816653	01010001000001111000110010011000011010001001010110001010110
59	1	284.177579	10001111101000001001001100101000001100000101110110101110001
59	1	370.671953	00101001000011110101011000101000010110000011000010110111001
59	1	225.074441	10101010001010010101110000100111010101101000110101110000010
59	1	376.937771	00110000010111000011010100111000101101010011011001001110000
59	1	343.917642	10000111110100000110101010110010101101000000110111000011100
59	1	94.824689	00100000100001001000011110000111011001010100110001010111110
59	1	231.089527	11100011100010000011011001111010011000110011001111100111100
59	1	13.784953	01101011000111000000010011000111111011011101001111101101100
59	1	57.997468	10101111100011000100010011000111111011100111001111110001000
59	1	133.193950	11011100110001101100000110100101111010101101011100101001100
59	1	330.428364	01100011100011001110010001010000110001000100110001101101001
59	1	135.020985	11101010101000110000101011100010010101111110011010111000110
59	1	252.492019	00001101000110011111101001110110001101011101111010100010101
59	1	211.677644	01010000001100110000111100001101010000011001110001010101111
59	1	329.105826	00100101100011011111101101011001100110001010111110110011000
59	1	158.550337	00000100011001111110111000101001111000111010111100011110011
59	1	364.497354	11101101100011111011101001011100011101000101100000011110011
60	1	418.700138	000100110010001010101101001011111011100101011100010110100100
60	1	349.551014	111111001110011100000010100100010010100001100101101100011010
60	1	597.390400	000111111000110010010011110111000111011000001011101100100011
60	1	505.537280	101011100000010101001010101110100010000000111000011100001000
60	1	27.004211	111100001110000000101000000110010111011000010111111001011111
60	1	576.777881	101010000011100101011110110110011111010010010011100110100001
60	1	197.772528	111110010100111010101110010010011101011100101010111000111111
60	1	365.808475	111100101100010000011101000011000010010101000101111100101010
60	1	467.074128	110101000111101111011110101011001011011100101110000111111100
60	1	379.523714	001100111110111010010001000100010011111010010101110001100000
60	1	345.578494	000110100110100100001001001011100000011011000100110000111011
60	1	406.530703	010110011011100011101101110010000111001111101111100000111001
60	1	394.565660	010100001001001010101110100011010111101000000101011111100010
60	1	534.496920	100001000011111110100100001101000000111001110100011010001001
60	1	573.961460	111111100011001010010111001110011010101011111010001010000001
60	1	653.979442	101001101011100110011101100101100001110001011010110010000000
60	1	394.825057	000111100100100011000011111100100000100011001010011111100011
60	1	308.647977	010011001011010100100010100101101010101000001101111110010001
60	1	113.298747	110110000110000100011001000011011111101100001111101001001101
60	1	631.753888	000111011011110101111001011000001000101111011000010000001000
61	1	777.949843	1110001111000110010101111000011100100001011001011010011001001
61	1	261.772456	0010100011100111000011001110011111111001111111100101010000110
61	1	631.785024	0001011000100111001100100000111100001011000101100101000101011
61	1	702.591580	0111111001000001111001011100010000111001010001001001011100111
61	1	330.447810	0001011111000001110010000100001011100001110010011010001001111
61	1	671.000714	1100011101000111011110110010010000101101110000111000010111110
61	1	620.647319	1110101001101111010100100011111000100011111110000111001010011
61	1	853.863035	0001010000001110000111111011000001110001010001101001001001011
61	1	111.846032	0111110100010000101100010010100001010011111110101111010100111
61	1	644.525339	1100111000111111010111011100001010011111111001010010000010110
61	1	859.552804	0010101000111010001110101101010001111101111000001001001001100
61	1	406.544809	0101000111101010110000011011001011101111011001001000101110100
61	1	348.231076	0111000111101100100010001110000010010010101001011111010001111
61	1	677.490153	1100100001101110101111110011111001111001000000111010100011111
61	1	954.774695	1011100110001110111101011100010101011110010101001000010001010
61	1	855.701586	0110111101011000000111111001001010011101001010100000110010000
61	1	317.420531	1111000111100011001111100101010110001011100111110011101101110
61	1	684.398394	0110110001110101110010011010010100000001101100010010011011111
61	1	766.343627	1101001101001010100100100010010011100010000010000100010010110
61	1	395.207008	1110010010010001100000110111000011101001010001101010110111001
62	1	535.917461	01000111011011110000000110001101001101010101110001100110110010
62	1	1004.104972	01000011110100011001100101110101000000111111111010001000011000
62	1	960.817393	10000111111010100010111000010011011010010010010101000100000101
62	1	749.270966	11100100110001011101001111111101001011000111100101011010111101
62	1	88.741033	11101101111111001010010010000001111011111110110011111011010001
62	1	619.183311	01011100011011000011001111110001110110001111111100000101011010
62	1	1263.353925	11101101100100110111011011100101000101011111010010000110000001
62	1	1130.937490	01111111100011100100111110111111111010111000010000101101011100
62	1	1074.774891	11101011011001101111110011101111011010001000111101010101111000
62	1	1064.529640	11101111101111110000111010000101100010001010001101000001100001
62	1	1363.093146	11111111100110001011000111111110110100111000000100110000100111
62	1	965.315614	01111101100010100000110100101110100000000100000001110111011101
62	1	482.373879	01101000001011100110011000110111010100111111010011111010011001
62	1	757.924144	11010011000010110101111111011000110110101001011011100111110100
62	1	595.690839	01111101000110010110000110110001100110001010101000110101100011
62	1	417.203590	11110111000101111000000001011011111111101000011110010001100101
62	1	690.205486	10100010100000000010000100110110101100000000010010111101000101
62	1	897.562330	01101000010100111100100101010100100100100100000010101000010111
62	1	546.145152	00111011101010111001100110001101000011101110111001111010001011
62	1	946.668143	00101100000111011011100101101000101101100101000010110000111100
63	1	1708.652115	000001101010001010011110010001000001110000000110011100011000000
63	1	809.076604	000110101001110001100100101110010100111110111001001011110010001
63	1	1056.287602	111100110101101111111011101000100101101001100101001011011111111
63	1	2155.273966	000111011011010010100000101001100010001000001101100010011000100
63	1	1684.392404	001000101000100010010000110100110000100000011001000010010011101
63	1	1845.639154	111011101100100111100110110111010111111010001000010011011000011
63	1	989.935364	110000101010001010010011110101101111111000111001000011101001011
63	1	2066.282902	100100101001110110100010111101010001000000100011101000111000100
63	1	2074.297382	000110110110111111011110100001001010011001101110010000000011011
63	1	1728.175372	110111111110101111111011011011111010110011000111101010100010011
63	1	2240.045049	101111101000011100101000010110101000000100010011000101010010101
63	1	2183.894373	100001010011111111111101110001001101111000011111100101000100001
63	1	1111.717010	000001000011000000101010010100101101000101000010001110100111110
63	1	1053.529412	001010000001011111101100010011000111100101000011100101111100101
63	1	283.121574	110000000100110100101010000111001110110001101111101111001011001
63	1	2310.246747	011110011001110100010011101001101101110101000000001101000000011
63	1	1305.264831	101010100110000000110001010011110001101101000100010110111010100
63	1	1601.652561	111000001010110011110110100110001011011110110101000110100001010
63	1	788.667854	010001101001000001110100100011001100111101000100111011100101001
63	1	2619.139846	011110111111111011001100111110000110101100100001000101001011000
64	1	2520.683498	0010011001111101110110100110011000011010101111011010000100101110
64	1	2154.137706	0111010000011011110100100001011010000011110000110000000011011110
64	1	656.481315	0000001111000000000100000011111001110001111100010000111010011111
64	1	2245.475422	1110001110001001111011001100100010011000101000000000110100010110
64	1	2961.214602	0100001111110111110011010000011111010111110110001001000000100011
64	1	2008.515025	1100010100111110011010000101111101010101111011011011111110010000
64	1	1571.907398	1111001110110110010001010011000001010010000101110011001001001101
64	1	1698.372288	0011010110110010100011111000000110100000001110010110101011110010
64	1	2092.341225	1100100011001101100110111001100001101011110001010110101000011001
64	1	1714.238648	0000011111011110000000110011010001011100011100100101010000010111
64	1	2522.931308	0100111010001011110011111110001111000000110100110011010110100111
64	1	2841.702370	0110011111110100010111011011101000001010011111011100110000010011
64	1	1790.535463	0110010000010111001001001011100000000101110001000000101110011101
64	1	1670.669445	0111010000111011110000001011110000100000001001101111110111100010
64	1	2081.723216	1000100111110110000111100000100100101100100011001111000000100101
64	1	2079.743409	0000011010001110000101100101110000111010101111101000000110100001
64	1	2005.953060	0010000101101001101011010101011110011101110001111101000010110011
64	1	2072.443797	0001001001111010011010011100000100101000000010000010011011011110
64	1	2046.775712	1110001001001101011000000010111111000110011010111100101000001100
64	1	2247.398306	0011010111111010100110110000101101111111001010101110010010010010
