n	retval	time	result
10	1	0.000008	1001000100
10	1	0.000036	0000011101
10	1	0.000036	0001101101
10	1	0.000011	1100011100
10	1	0.000011	0101111100
10	1	0.000048	0000111111
10	1	0.000022	0100011110
10	1	0.000044	1010100111
10	1	0.000011	1010000010
10	1	0.000010	1000100010
10	1	0.000034	1110111101
10	1	0.000031	1000010101
10	1	0.000026	1110110010
10	1	0.000021	1100000001
10	1	0.000017	0010110110
10	1	0.000003	1111101000
10	1	0.000009	0010010010
10	1	0.000040	0110000111
10	1	0.000044	1100110111
10	1	0.000018	0111110110
11	1	0.000086	11101000011
11	1	0.000067	01010101001
11	1	0.000060	01010100001
11	1	0.000090	00111100011
11	1	0.000112	00011011111
11	1	0.000026	11110011100
11	1	0.000008	01010001000
11	1	0.000021	00100101100
11	1	0.000015	10001100100
11	1	0.000021	01010011100
11	1	0.000089	01111010011
11	1	0.000007	10000101000
11	1	0.000059	11010001001
11	1	0.000003	00101100000
11	1	0.000034	00010101010
11	1	0.000068	00110000101
11	1	0.000109	00111011011
11	1	0.000091	00101101011
11	1	0.000025	00110111100
11	1	0.000090	00010101011
12	1	0.000171	011101011101
12	1	0.000181	101011000011
12	1	0.000178	100101111101
12	1	0.000046	001110001100
12	1	0.000189	010101011101
12	1	0.000185	011010110011
12	1	0.000170	011110011101
12	1	0.000019	111111001000
12	1	0.000006	110011100000
12	1	0.000145	111100000101
12	1	0.000093	101110100110
12	1	0.000050	110111101100
12	1	0.000170	110100111101
12	1	0.000151	111011110001
12	1	0.000168	011000011101
12	1	0.000193	101000101011
12	1	0.000177	101100000011
12	1	0.000171	100111101101
12	1	0.000153	101000010101
12	1	0.000252	110110111111
13	1	0.000409	0100000100011
13	1	0.000249	1000000100001
13	1	0.000389	0000111000011
13	1	0.000294	1000101000101
13	1	0.000261	0110100000001
13	1	0.000390	0111010010001
13	1	0.000204	0111101100110
13	1	0.000174	0010011111010
13	1	0.000115	1111110111100
13	1	0.000172	0110000111010
13	1	0.000108	1011001001100
13	1	0.000318	0101111010101
13	1	0.000212	1010110001110
13	1	0.000475	0011111101111
13	1	0.000151	1101110001010
13	1	0.000323	1010001110101
13	1	0.000096	1111011001100
13	1	0.000251	0100100010001
13	1	0.000458	1010110101011
13	1	0.000418	0000001000111
14	1	0.000571	11000110001001
14	1	0.000548	11000000001001
14	1	0.000503	11001000011110
14	1	0.000995	01010111011111
14	1	0.000337	01001111011010
14	1	0.000401	00110111111010
14	1	0.000007	10100110000000
14	1	0.000586	11101011001001
14	1	0.000410	10110110100110
14	1	0.000987	11010100011111
14	1	0.000910	11101100010111
14	1	0.000273	10100111100010
14	1	0.000437	10110011001110
14	1	0.000402	10000010011010
14	1	0.000714	11011111101101
14	1	0.000283	11101001000010
14	1	0.000952	01100110010111
14	1	0.000751	11001000100011
14	1	0.000601	11011001101001
14	1	0.000224	01000011011100
15	1	0.001991	111001010001110
15	1	0.001472	110011001011101
15	1	0.001422	111110010101101
15	1	0.001694	110111111110011
15	1	0.002045	110011001011111
15	1	0.001505	110011000000011
15	1	0.000434	111011011001100
15	1	0.000590	010000100110010
15	1	0.001298	010001111000101
15	1	0.000096	101110000110000
15	1	0.001005	111001000111110
15	1	0.001996	100010110101111
15	1	0.001259	101100101111001
15	1	0.001870	111001010000111
15	1	0.000291	001000100100100
15	1	0.001554	011101100100011
15	1	0.000003	100101000000000
15	1	0.001065	111111011100001
15	1	0.001266	101110111000010
15	1	0.002609	001110100000111
16	1	0.001450	1111101111101010
16	1	0.000841	1001000001011000
16	1	0.005675	0001111101011111
16	1	0.000097	1101011110100000
16	1	0.003598	1001110110011011
16	1	0.003182	0001011000011101
16	1	0.003388	1011111110010011
16	1	0.000545	0101001010000100
16	1	0.000957	0001011011101100
16	1	0.004103	0101001001011011
16	1	0.000506	0010111010001000
16	1	0.000929	1000000001011100
16	1	0.000254	0110000001110000
16	1	0.001936	1001110011101110
16	1	0.004131	0001000100111111
16	1	0.004180	1110110010101111
16	1	0.000546	1101111110000100
16	1	0.000385	1000010011101000
16	1	0.003593	0110011000000011
16	1	0.000948	0111001001011100
17	1	0.001569	00100110011010100
17	1	0.005640	11011100100100101
17	1	0.007172	11001011101010011
17	1	0.008036	11001110111111011
17	1	0.003811	10010011010001110
17	1	0.004404	01001100100000001
17	1	0.004415	10110110010111110
17	1	0.004329	00010011010000001
17	1	0.008697	00111101001111111
17	1	0.007097	00110111000110011
17	1	0.006780	00111110010100011
17	1	0.007595	11110001101011011
17	1	0.008700	00001000111111111
17	1	0.007160	00001101010001011
17	1	0.004474	10011010000100001
17	1	0.002393	01111100010100010
17	1	0.004797	11001111101110001
17	1	0.005540	00110011110100101
17	1	0.006089	10111011010101101
17	1	0.002252	10001000010111100
18	1	0.002405	000011101100000100
18	1	0.015210	001111001101001011
18	1	0.017508	010100101000111111
18	1	0.005474	011001001101010010
18	1	0.017077	111101100100101111
18	1	0.002886	100111101010010100
18	1	0.006253	010010101001101010
18	1	0.006064	000001001100011010
18	1	0.016826	110000100010101111
18	1	0.001350	010101010011001000
18	1	0.002386	011101010100000100
18	1	0.014122	101001111001010011
18	1	0.016505	101100001111010111
18	1	0.013438	110100000100000011
18	1	0.016580	101111110001110111
18	1	0.016199	111101010010110111
18	1	0.010312	011010110001001001
18	1	0.001910	111000000011011000
18	1	0.007637	011111001011010110
18	1	0.017204	101100011101001111
19	1	0.006843	1010001000111110100
19	1	0.022297	0111010011110011001
19	1	0.024760	0010111100111010101
19	1	0.021999	0011101111001001001
19	1	0.012843	0001101101010011010
19	1	0.020223	1110101110111110001
19	1	0.035915	0001011001101101111
19	1	0.002803	1111111001000101000
19	1	0.014070	1110010011010111010
19	1	0.007292	0000010011101001100
19	1	0.013999	1010010110010000110
19	1	0.035460	0000101101100011111
19	1	0.033654	1011111101010010111
19	1	0.022025	1101111111011101001
19	1	0.026243	0001011010110101101
19	1	0.034230	0101001001001110111
19	1	0.020207	1111011011000010001
19	1	0.016724	0010111110010101110
19	1	0.025300	1111110001011110101
19	1	0.002032	1100100111110110000
20	1	0.007840	10000000001101011000
20	1	0.057236	00010001000001000011
20	1	0.036806	10100011000001111110
20	1	0.070541	10101010111101001111
20	1	0.003429	00000001011111010000
20	1	0.046567	00001100010001011001
20	1	0.018679	01100110011101111100
20	1	0.070790	11111011101001001011
20	1	0.055231	00101101000100111101
20	1	0.029952	00100010011100100110
20	1	0.028293	00111110001000000110
20	1	0.005361	01001000001001001000
20	1	0.084265	00000100000110001101
20	1	0.058776	10101111000011001101
20	1	0.037727	00100110101011011010
20	1	0.113341	10110111011100111111
20	1	0.063448	11101111111011010011
20	1	0.006097	00101110100110101000
20	1	0.048809	00011010100110010101
20	1	0.003095	11111100011101010000
21	1	0.039401	110001000001111000010
21	1	0.094043	000100010000101000101
21	1	0.106677	100010010100111110101
21	1	0.059768	010010010011000010110
21	1	0.090350	111000000100101100001
21	1	0.160678	111000111011010101111
21	1	0.022535	111101011110011000100
21	1	0.062689	001111011010110010110
21	1	0.094575	101110101001110000101
21	1	0.056155	011011110110011000110
21	1	0.087979	010001010111111101001
21	1	0.039449	100101001010101000010
21	1	0.093107	001101111110011011001
21	1	0.069275	000001010101101011110
21	1	0.075500	101010011110101111110
21	1	0.137954	101000011100100110111
21	1	0.014907	001101110100101011000
21	1	0.048150	111000000101101001010
21	1	0.079602	100110111111000010001
21	1	0.106746	000011110100110011101
22	1	0.245552	0110000010100000110011
22	1	0.306347	1100011111100101110111
22	1	0.056474	1101111000011110100100
22	1	0.179730	0101001000001111000001
22	1	0.017782	1011111101100001110000
22	1	0.168822	1100010011100110100001
22	1	0.245439	0111010111010101110011
22	1	0.010035	0001100000110100010000
22	1	0.171836	1010000111010101001001
22	1	0.114966	0011110101001011001010
22	1	0.148034	1101100001100101011010
22	1	0.130145	0110010000100110100110
22	1	0.074469	0000100011001111101100
22	1	0.010977	0001001011001000010000
22	1	0.170076	1100011111110110000001
22	1	0.145733	1110101111101110101110
22	1	0.063264	1111001110111000101100
22	1	0.282235	1010010011110000001101
22	1	0.065942	0101100111100101110100
22	1	0.260254	0011001010010011011101
23	1	0.254311	01111110001010010011010
23	1	0.520072	01100111010100110110011
23	1	0.085202	11010001100111110111000
23	1	0.548026	00001000011011000010011
23	1	0.422900	11001010110100000000101
23	1	0.318126	11010011001000010000001
23	1	0.524025	11000100100111001100011
23	1	0.148772	11001101101111111011100
23	1	0.164409	00000010111001000100010
23	1	0.102071	01010011010011101010100
23	1	0.112992	11000110011111011110100
23	1	0.534487	11001010111100110001011
23	1	0.290719	11111001000001000101110
23	1	0.470101	10101010001010011111101
23	1	0.513109	00010111010100001001011
23	1	0.508983	11110101111000001100011
23	1	0.429296	01001101111011011100101
23	1	0.034184	10100110011010010110000
23	1	0.339709	11010101101101011010001
23	1	0.575892	00001011101111001011011
24	1	0.295863	001100011101111011101100
24	1	0.754734	111111110111110111001001
24	1	0.384860	000100111011101100110010
24	1	0.414782	001010010100000100101010
24	1	0.868498	101000000101101010100101
24	1	0.680506	000011110111110101100001
24	1	1.183008	111000011110110011010111
24	1	0.610945	101110010001110110011110
24	1	0.549724	100110000100000110110110
24	1	0.373725	110011011100000011010010
24	1	0.565762	011011010001000011110110
24	1	0.337079	000101000001100000100010
24	1	0.180126	100110011011111101000100
24	1	0.646656	101110100011110111111110
24	1	1.071288	011100100110011011101011
24	1	0.267619	001111111010001001101100
24	1	0.328639	101110011111100011000010
24	1	0.580208	011000101000011101101110
24	1	1.137232	001101110000001001100111
24	1	1.240534	001111101000101110111111
25	1	0.195757	0111010011000010001001000
25	1	0.889568	1101101111101000110101010
25	1	2.005997	0111011100001100111010101
25	1	0.941837	1001100111011011001110010
25	1	1.674966	0111100011000001010101001
25	1	1.559294	0110001110100100010011001
25	1	0.792226	1011011000010011010010010
25	1	0.697249	1100001001100010000100010
25	1	1.870392	1010011000111110011001101
25	1	0.015605	1110111110111100110000000
25	1	0.086904	0100110101111011100010000
25	1	0.350957	1101111000001011101000100
25	1	0.758402	1101101011011101010010010
25	1	0.666818	0101000000100101001000010
25	1	0.863909	1001010101111111001001010
25	1	2.416089	0100011110000110000010111
25	1	0.464046	0111010011010101010010100
25	1	0.240492	1100111011001010111001000
25	1	1.213619	0011000000101110011110110
25	1	1.234135	0010110110100110101011110
26	1	2.811789	11001110101100111100000001
26	1	3.792836	11111111110111100010001101
26	1	0.088561	10101111101101010000100000
26	1	1.104556	00001001001010101001001100
26	1	5.019841	10101001100011110100100111
26	1	3.445972	11100110011111000010111001
26	1	5.072669	10001110011100010101110111
26	1	3.180301	10010101110111111011101001
26	1	1.254660	10010110000010100110111100
26	1	1.870021	00011010011011011111011010
26	1	4.700766	10110101111100110011000111
26	1	2.385681	00001001100010110101110110
26	1	3.212714	10010001111100100101101001
26	1	4.845134	10100010000011001111000111
26	1	0.350915	01011111011110001010001000
26	1	2.138140	00010001111011001010111010
26	1	4.387010	00110110011000101001010011
26	1	1.337523	10101010010100100101111100
26	1	0.554400	11000100010011111001011000
26	1	5.209683	11011010000011100011110111
27	1	0.752598	111100011010000011010001000
27	1	0.446349	110010110000001010001010000
27	1	7.863360	001001111110111101101101101
27	1	3.933344	011011010111001000101111010
27	1	7.926382	110001100010110000010101101
27	1	3.997655	001111011111111000111111010
27	1	5.767732	001001000001101100111000001
27	1	8.911121	110010100001110111100110011
27	1	1.709877	101100000101111011111000100
27	1	8.977835	100011110011010011100110011
27	1	2.441610	000011110011111001111101100
27	1	4.919548	000000001000011001110110110
27	1	0.961307	011001101100010011010101000
27	1	9.165519	110110000000101111011110011
27	1	0.214724	011110111110100111100100000
27	1	1.369115	011010101101001101111111000
27	1	5.553609	100101101111100100010111110
27	1	3.362125	111001101010010011010110010
27	1	0.496913	000010001011000100000110000
27	1	1.637716	110001011011011100110100100
28	1	13.284256	1001010010101011100000011001
28	1	11.659069	0101101100110000011001000001
28	1	12.862175	0100011001011011110100001001
28	1	22.385037	0111000110011111101101111111
28	1	9.636842	0001000011110000000000110110
28	1	4.673536	0101010000100011010101001100
28	1	2.413350	0010111000000110110011011000
28	1	16.650689	1010001000111010011001101101
28	1	17.528229	1010011011110000000111111101
28	1	10.804553	0000011001001010011110101110
28	1	2.565094	0101000100001110010001111000
28	1	14.865329	0000000110111101101101100101
28	1	20.656454	1001101110010010100010010111
28	1	3.321098	0111001110001011110010100100
28	1	1.704935	1000100001111000010011001000
28	1	11.772787	1001100100011001001101111110
28	1	22.040665	0111100000101110100010110111
28	1	6.247740	0111010100100010111110000010
28	1	18.333285	1011001000001111110110100011
28	1	21.271333	0100010011011101111111010111
29	1	42.192846	10110110001101011000111010111
29	1	28.462420	11110001111000100011010111001
29	1	7.980432	01111010101100111010100110100
29	1	13.758638	01001000001101010100010110010
29	1	5.132648	11010010010110110011000111000
29	1	45.426741	10010001011000101000001101111
29	1	45.475831	01011000110111100001100001111
29	1	11.422720	00101011011110101101010111100
29	1	18.939311	01010110001001011010101100110
29	1	1.157304	00110001011001110011110100000
29	1	3.908127	11101011111111100100101101000
29	1	29.308218	01101110001000111100110000101
29	1	13.009942	11010010000111011010010010010
29	1	42.464472	10111010010010000101100010111
29	1	22.386047	11100000000010001010001111110
29	1	10.624665	10110101111100111000001011100
29	1	14.650811	01000010101000110110000001010
29	1	18.459864	11010000111011010001111111010
29	1	7.850782	00110101111010110111010010100
29	1	29.074876	10101110100100110000100000101
30	1	81.991980	010111011010111110011101101011
30	1	0.464736	101110011011111101110010000000
30	1	56.004083	011111001101110111001001001001
30	1	56.505157	100101011001101111001100011001
30	1	60.532230	001010011001100101111001100101
30	1	66.726007	110001111011101110100111001101
30	1	24.380357	111000010011110100101101000010
30	1	79.600286	100001011101111111110010001011
30	1	81.995135	010101001011110000011110111011
30	1	17.647102	010001011001010100111010001100
30	1	69.757757	010000111111101001011111011101
30	1	43.671283	001101011111011001011010101110
30	1	61.388432	101001001101100011000111111001
30	1	18.165544	101000001100011100110101001100
30	1	40.190880	100100010111100111100100001110
30	1	5.668596	111011111111111101111111110000
30	1	40.534017	000110011011001010010101110110
30	1	10.210295	111111110100011011010001011000
30	1	41.975986	101010111100110110100100110110
30	1	15.671613	100010101010110101100101100100
31	1	26.949193	1001001101010111001000000100100
31	1	100.549647	1011110011111110101101111100001
31	1	69.825691	1011000110000100111100000111010
31	1	31.035636	0100100011110110000100011010100
31	1	166.493041	0100011011101100101101000000111
31	1	130.655397	1100100101100001001010010110101
31	1	61.303635	0110100010110100101110111001010
31	1	131.672967	0110101001010100100010010001101
31	1	87.008916	1111111010101111100110000101110
31	1	108.254492	1010101111011101001101011110001
31	1	181.360092	0000000110010101110100011110111
31	1	192.531742	1110110011111000101011101111111
31	1	47.168207	0001000011101010101100101111100
31	1	49.300716	0110101101110111110010010011100
31	1	165.383743	0110011010100111111011010100011
31	1	134.224044	1110101011101001101011001111001
31	1	209.884882	0011110111001011011010101011111
31	1	126.946263	1010110010101010100110001101001
31	1	21.372865	1101101111101100011001000011000
31	1	143.987161	0111100000110101001000110100101
32	1	189.216318	00011010111001001001000001101110
32	1	361.832862	01001111001001000010000100000111
32	1	304.159615	00000110101111111001010011111101
32	1	301.454631	00110100011000101011001011111101
32	1	62.354040	10011011001011111101111001100100
32	1	278.163058	00010010111101011110001011110101
32	1	371.035042	11111110110100100100010010100111
32	1	325.381169	10001001011110110001100000101011
32	1	374.330869	11100101111111010010110110111111
32	1	330.349561	00111111011101100110000111111011
32	1	16.604145	01111110011101110101111011010000
32	1	126.611016	01100101001000001011111001101010
32	1	203.268121	01101010010101101001101001010001
32	1	17.742800	11100000110011111111110000110000
32	1	262.211275	01100011100000010010110101001101
32	1	52.330757	10010110011000001000111111000100
32	1	344.629252	00010100110010110111100101010111
32	1	273.270032	10010000111010010011000101011101
32	1	209.597226	10011101110001100110010011110001
32	1	53.789503	01110100011100010010001000100100
