n	retval	time	result
10	1	0.000012	1010100010
10	1	0.000005	1100111100
10	1	0.000004	0110000001
10	1	0.000004	1101000010
10	1	0.000004	1001110101
10	1	0.000004	1101101110
10	1	0.000004	1101000100
10	1	0.000004	1000001111
10	1	0.000004	0000000001
10	1	0.000004	0001101011
10	1	0.000004	1001000100
10	1	0.000004	1000000001
10	1	0.000004	0011100100
10	1	0.000004	0001100101
10	1	0.000004	1011100101
10	1	0.000004	0110000110
10	1	0.000004	1010011010
10	1	0.000004	0100100011
10	1	0.000004	0100111101
10	1	0.000004	1001101100
11	1	0.000009	10000000000
11	1	0.000007	10110010100
11	1	0.000006	10001010111
11	1	0.000006	01100011101
11	1	0.000007	11011100000
11	1	0.000006	01001111110
11	1	0.000007	10101101110
11	1	0.000006	01000100111
11	1	0.000006	00000100010
11	1	0.000007	10011010101
11	1	0.000006	11010000111
11	1	0.000007	01001011000
11	1	0.000007	01101000011
11	1	0.000007	10100000000
11	1	0.000006	11011001111
11	1	0.000006	00001110111
11	1	0.000006	01110111010
11	1	0.000007	11001000101
11	1	0.000007	01101001100
11	1	0.000006	10100000100
12	1	0.000010	111100001101
12	1	0.000009	111001101101
12	1	0.000009	100011110101
12	1	0.000009	110001001100
12	1	0.000009	000010100011
12	1	0.000009	110110101111
12	1	0.000009	111010000001
12	1	0.000009	010101101101
12	1	0.000009	101010111000
12	1	0.000009	111011001000
12	1	0.000009	001100010101
12	1	0.000009	001000000001
12	1	0.000009	101010011111
12	1	0.000009	001000000000
12	1	0.000009	110101010110
12	1	0.000009	100001011100
12	1	0.000009	111010111101
12	1	0.000009	010100111111
12	1	0.000009	010001011100
12	1	0.000009	100000101110
13	1	0.000028	0011100010111
13	1	0.000016	0110011010100
13	1	0.000015	1001001011011
13	1	0.000015	1100101111001
13	1	0.000015	0101101001000
13	1	0.000015	1001111110010
13	1	0.000015	0011110001011
13	1	0.000015	0000001101000
13	1	0.000016	1111100100100
13	1	0.000015	0001010001000
13	1	0.000015	1101101101001
13	1	0.000015	0000010011001
13	1	0.000015	0100011011001
13	1	0.000015	1010111001100
13	1	0.000015	1001110101011
13	1	0.000015	0011010101001
13	1	0.000015	1101001000011
13	1	0.000015	0101101001100
13	1	0.000015	1111110011110
13	1	0.000015	0101011010011
14	1	0.000023	00110111111101
14	1	0.000022	10110110001001
14	1	0.000021	00000010100110
14	1	0.000021	00011010101101
14	1	0.000021	01111110001110
14	1	0.000021	10001001010000
14	1	0.000021	10100101001010
14	1	0.000021	01110010111001
14	1	0.000021	01010010000101
14	1	0.000021	10011111011101
14	1	0.000021	00101001010110
14	1	0.000021	01001100101001
14	1	0.000021	11101011110010
14	1	0.000021	10110101010010
14	1	0.000021	11110000011101
14	1	0.000021	00000010001011
14	1	0.000021	00110011000101
14	1	0.000021	00011001111111
14	1	0.000029	00111000100101
14	1	0.000031	10001110000010
15	1	0.000045	000101111101110
15	1	0.000036	000101001001010
15	1	0.000036	000001001001111
15	1	0.000036	001110010111010
15	1	0.000036	010110111101111
15	1	0.000036	011011110011101
15	1	0.000036	100011000000001
15	1	0.000037	010110101001100
15	1	0.000037	010101100001100
15	1	0.000036	110011001001000
15	1	0.000036	011000110111111
15	1	0.000036	100100001100011
15	1	0.000036	100100000001100
15	1	0.000036	011001011101100
15	1	0.000036	100001000101111
15	1	0.000037	010011110010001
15	1	0.000036	110100010011101
15	1	0.000036	000010101100011
15	1	0.000036	110001101111011
15	1	0.000050	101100101010011
16	1	0.000052	1001100111111011
16	1	0.000050	0111001101110001
16	1	0.000048	0001100010011001
16	1	0.000048	1110101100111101
16	1	0.000050	0001111111000100
16	1	0.000048	1000011011111101
16	1	0.000049	1011110101010011
16	1	0.000047	0111000000110111
16	1	0.000049	1110010111111000
16	1	0.000048	1010010010100001
16	1	0.000049	0010010000100010
16	1	0.000049	0111010111001001
16	1	0.000048	1011011000011110
16	1	0.000049	0101111011000100
16	1	0.000048	1001010010110001
16	1	0.000049	1100001101010100
16	1	0.000048	1110101001100010
16	1	0.000047	0110000011110101
16	1	0.000049	0000101100010100
16	1	0.000067	0100010101011010
17	1	0.000094	00011111011011010
17	1	0.000089	10001101111000101
17	1	0.000087	00010101111011100
17	1	0.000087	00000000100010110
17	1	0.000087	11110110001011111
17	1	0.000087	11001001111101111
17	1	0.000087	10010110101010011
17	1	0.000088	01010011100101101
17	1	0.000087	11011010010001000
17	1	0.000087	01011111110010111
17	1	0.000087	11111011001101110
17	1	0.000089	11011101111000000
17	1	0.000089	01110101110100000
17	1	0.000089	01011111101011010
17	1	0.000089	00111011001100101
17	1	0.000089	11110101011111010
17	1	0.000088	00100110011001000
17	1	0.000087	00011000011100100
17	1	0.000089	11010011101000010
17	1	0.000086	01110100111111110
18	1	0.000133	110110111001011000
18	1	0.000126	010111001000010000
18	1	0.000127	010111000001110001
18	1	0.000127	110010110100111011
18	1	0.000128	010110101011001001
18	1	0.000128	010111100000110110
18	1	0.000126	000001000110011101
18	1	0.000126	001011000000100101
18	1	0.000126	100001010111000011
18	1	0.000127	111110101100001111
18	1	0.000129	001010111010011000
18	1	0.000128	101000111110010010
18	1	0.000125	000011010110101010
18	1	0.000125	000101010011111001
18	1	0.000125	000100010111001111
18	1	0.000127	100101100001011010
18	1	0.000127	010001011000001110
18	1	0.000128	001110011001011001
18	1	0.000129	110010111000100101
18	1	0.000126	010001010110110110
19	1	0.000221	1000101010110111010
19	1	0.000206	0011111001111111110
19	1	0.000209	0110001111010101011
19	1	0.000210	1001111010001110101
19	1	0.000211	1100010101010111111
19	1	0.000208	0100100001000010110
19	1	0.000211	0101000111000101001
19	1	0.000229	1110101000011010111
19	1	0.000207	0110001001010110100
19	1	0.000210	0110001111101101100
19	1	0.000207	0011010000011001101
19	1	0.000210	1101011100100100001
19	1	0.000206	1011001101011011011
19	1	0.000208	1000010010111000010
19	1	0.000209	1011010011001101100
19	1	0.000211	1101110111001111000
19	1	0.000210	0010011110000000001
19	1	0.000208	0001110011100001111
19	1	0.000207	0100000001110000100
19	1	0.000208	1110000011100001001
20	1	0.000290	11001001110001100001
20	1	0.000278	00100001100110110000
20	1	0.000284	01011100010101110011
20	1	0.000279	00100011011000001110
20	1	0.000268	11000011001011010101
20	1	0.000204	10100000011000100101
20	1	0.000206	01000111100001001111
20	1	0.000206	11101111001101100110
20	1	0.000202	00100010000111110100
20	1	0.000213	11110110001011111010
20	1	0.000201	10110110010000110010
20	1	0.000199	10110011000111011000
20	1	0.000198	11000011000111100010
20	1	0.000197	10100011011101111110
20	1	0.000199	11101101010011001111
20	1	0.000199	01110011001111111010
20	1	0.000266	11011010100010011101
20	1	0.000304	10100010111100001011
20	1	0.000235	00000100110111111001
20	1	0.000199	01000101010011011101
21	1	0.000374	011100101010000000100
21	1	0.000349	110011101111100110100
21	1	0.000348	111000110110101000010
21	1	0.000347	001000110111001011011
21	1	0.000348	000110111110100000000
21	1	0.000345	111011010100101111001
21	1	0.000346	100101001100100010100
21	1	0.000343	000000001110001001110
21	1	0.000345	110000101101011110100
21	1	0.000346	010011011101110011010
21	1	0.000344	110101101000110100101
21	1	0.000358	101011011101100001100
21	1	0.000343	001100110011101000010
21	1	0.000347	001111001100100010010
21	1	0.000342	011010110110101101111
21	1	0.000344	111111100001110010110
21	1	0.000340	000010010110111111111
21	1	0.000340	100011100001111001011
21	1	0.000343	001111010010010110101
21	1	0.000348	100101111110110000101
22	1	0.000489	0100110001111011010100
22	1	0.000480	1111100100011011011100
22	1	0.000491	1111110000001110111101
22	1	0.000483	1110110001000011011101
22	1	0.000561	0111110001111011010000
22	1	0.000568	0000001101001000111110
22	1	0.000558	1110100110110011000111
22	1	0.000573	0100100010110100101000
22	1	0.000580	0000011001110110100011
22	1	0.000592	1111001000111011001111
22	1	0.000712	0000000110001111100101
22	1	0.000745	1100000011110101000111
22	1	0.000745	1111011011101110001011
22	1	0.000741	0110000110101011101001
22	1	0.000688	1110011100010100000010
22	1	0.000580	1100000110100100010000
22	1	0.000606	0100010111100000010110
22	1	0.000658	0111110010101001000000
22	1	0.000632	1000100110110110100010
22	1	0.000622	0101001000011111010000
23	1	0.001053	11111000110011010100101
23	1	0.000855	11110011100101010111100
23	1	0.000768	00110110100111110101001
23	1	0.000974	01000111110001100010000
23	1	0.001122	01010110111111101001101
23	1	0.001033	10011001000000000001101
23	1	0.000897	00001110111111001011011
23	1	0.000902	01111011001100000111000
23	1	0.000908	00001011000101011000100
23	1	0.000906	00001011011000000000110
23	1	0.000863	01111110110001111000101
23	1	0.000761	01000100101111110011100
23	1	0.000770	00010101111100010101101
23	1	0.000761	10000000110011001011000
23	1	0.000772	00110110001101010111000
23	1	0.000766	10101010001101010110000
23	1	0.000967	01110001010110101000001
23	1	0.001132	01001010001000011100001
23	1	0.000971	11010011000000000110111
23	1	0.000756	01100101111011111111111
24	1	0.001100	011111110111100101001000
24	1	0.001074	011001100110011110110101
24	1	0.001175	111001001111111101000111
24	1	0.001291	110010101001110100011110
24	1	0.001271	000011011001011010110011
24	1	0.001195	111001011000101101110111
24	1	0.001081	100101000010100110000101
24	1	0.001073	100011111110111100111110
24	1	0.001076	011100100001010110110010
24	1	0.001100	011011100111011100001010
24	1	0.001075	110000001100001111000000
24	1	0.001093	110010111110100100100001
24	1	0.001071	110110000000100000100011
24	1	0.001082	110100001010011111011010
24	1	0.001095	101100111111001000110101
24	1	0.001082	011011101111100101100111
24	1	0.001088	011010011001110100111000
24	1	0.001083	101110011000111001110111
24	1	0.001076	010010010100100011100001
24	1	0.001097	111111011011011111100000
25	1	0.001770	1011010001011110001111010
25	1	0.001764	1111101001010011101110001
25	1	0.001757	1011000111000011000111101
25	1	0.001782	1101101111100001110100001
25	1	0.001758	1011101110111011100010111
25	1	0.001753	1100000110010100110110101
25	1	0.001759	0110110000111011010100001
25	1	0.001756	0110001111100111101010101
25	1	0.001755	0011111000100110001101011
25	1	0.001746	0011001000100101011000110
25	1	0.001744	0001011011001011100101101
25	1	0.001780	1111001110111101000001100
25	1	0.001777	1001100001110100110101100
25	1	0.001748	0001110010010011100110111
25	1	0.001760	0100011110100101110100110
25	1	0.001757	1111101010000110011010010
25	1	0.001750	0101010000101000110110010
25	1	0.001766	1010111111000110001101110
25	1	0.001767	1111100010111010101100011
25	1	0.001764	0100110010111000101000100
26	1	0.002393	01011000101011000010100000
26	1	0.002376	10100000101000100111001100
26	1	0.002383	11010000010100011101010001
26	1	0.002383	01000101001100101111110100
26	1	0.002390	00001111010000000010111011
26	1	0.002399	00011001101100101010000001
26	1	0.002391	01001010101111111001011100
26	1	0.002393	11110010011101010111110100
26	1	0.002415	10001011111101110110101000
26	1	0.002396	00101111000010111000001010
26	1	0.002409	11110111101010010011110001
26	1	0.002384	10010101110001101111100100
26	1	0.002378	01000110001001001010111010
26	1	0.002408	00011011010000001111100101
26	1	0.002390	11100001100010001011011100
26	1	0.002383	10010000101001100100010011
26	1	0.002373	00010110000001100010110010
26	1	0.002374	11100011000001010111001011
26	1	0.002378	10010011000001001110011000
26	1	0.002401	11011010011010110001110000
27	1	0.003995	011111101011111000100100001
27	1	0.003768	010101010100100010110110011
27	1	0.003833	110100001110001010011010111
27	1	0.003887	101110110111100101010100101
27	1	0.003869	110110100100101111000000011
27	1	0.003852	100010110001101100000101011
27	1	0.003760	010110111110011000000000101
27	1	0.003731	001011001010000011101110110
27	1	0.003734	111100000011010010010111110
27	1	0.003754	101010010100100011100000100
27	1	0.003764	111000101001110100001000001
27	1	0.003789	100111010100001101001100011
27	1	0.003611	101100011101100111000111111
27	1	0.003489	000111101001011011111011111
27	1	0.003351	010011000111010111100010101
27	1	0.003199	100010101000001010101111101
27	1	0.003255	011111100001110100000100100
27	1	0.003229	010000111111101110110110110
27	1	0.003255	011010101111101001000011011
27	1	0.003209	010001100101110010111101011
28	1	0.004324	1110010010111000101000110010
28	1	0.004330	1011111100001100101000011011
28	1	0.004339	1011110011100101100111100000
28	1	0.004291	0111001001000001100010000001
28	1	0.004306	0111100111111110010110101101
28	1	0.004298	1010010000100100001100001100
28	1	0.004332	1100010110101101110101000110
28	1	0.004307	0100111001001111001001100011
28	1	0.004321	0110000111101110100011011010
28	1	0.004252	0100100001000000110111101111
28	1	0.004311	1100001010110101010001110011
28	1	0.004324	1001011100111001010001110011
28	1	0.004296	1100010001100011110100100000
28	1	0.004323	0011001110001101010000110100
28	1	0.004279	0010011011010001000111010111
28	1	0.004332	0001111011111110110110101100
28	1	0.004310	0111100111001000010110011010
28	1	0.004349	0010011110111110000100101011
28	1	0.004319	1001110010101100101010000010
28	1	0.004301	0111000011101100110110011101
29	1	0.007159	01000111010010100001001001001
29	1	0.006855	10000101000111111001001110110
29	1	0.007073	11101001111100010100010100100
29	1	0.007015	01010101101000100000010100110
29	1	0.007029	00111111100001111100010011010
29	1	0.006987	10001001000100000010111100101
29	1	0.007084	01101011101101010001000001101
29	1	0.007050	11100111110111101110100001101
29	1	0.007014	01011101101010000110101110101
29	1	0.007048	11000110110101100010010010000
29	1	0.007031	01000111011000010000100110010
29	1	0.006977	10100110010100101100110011011
29	1	0.006993	10111000011101101001101111110
29	1	0.007039	00111110001101000011001111110
29	1	0.006968	10001000000101111110001001110
29	1	0.007002	00011010111000101011110001101
29	1	0.006982	00001011000100010100000101110
29	1	0.006989	00101010010010101010001011111
29	1	0.007036	00000111001101111110110011000
29	1	0.006956	00010100010000001011101011111
30	1	0.009921	111000011101010111010111010100
30	1	0.009453	011001010101101111111110100110
30	1	0.009579	011001001111100001010100001001
30	1	0.009467	001011001000101000100111111101
30	1	0.009532	110100011100111111100111100010
30	1	0.009516	000011010011010001001100010010
30	1	0.009521	001110111011001101001100111110
30	1	0.009441	111000000010001011101110010011
30	1	0.009538	100110001110110010011100011010
30	1	0.009508	011001101110001101001100011111
30	1	0.009540	011111101100101011101001100101
30	1	0.009474	010000100110000011001100010111
30	1	0.009467	011101001001111111011111111110
30	1	0.009480	000100001001100111111111100010
30	1	0.009643	111010100111100011100000110101
30	1	0.009755	100110010001111101001100001101
30	1	0.009594	000101010010000010000100110001
30	1	0.009650	001010110011110010110101001001
30	1	0.009474	100000001011100010100100111101
30	1	0.009512	101101101010011011001110111001
31	1	0.014990	0010001110110101111000111101010
31	1	0.014436	1011000010010101101010101001111
31	1	0.014904	1100110111001111001101011000100
31	1	0.014761	1010101100110101111010001101010
31	1	0.014731	0000101010011000010101101110110
31	1	0.014726	0111000011001100111001111100101
31	1	0.014902	1110011111010000011100111111011
31	1	0.014930	1000101101011010110001110001011
31	1	0.014787	1011100110000011001100100001011
31	1	0.014793	1011100111101010111000001111011
31	1	0.014813	1110100011111011110011001101101
31	1	0.014854	0000000100110110101011100001100
31	1	0.014813	1100001010100111100101011100001
31	1	0.014704	0001000110000011100000111000110
31	1	0.014752	0010000111010101111110011100011
31	1	0.014906	0011101011011111100010101100011
31	1	0.014892	0001000101111011101011010000001
31	1	0.014819	1111010101001011101001111000110
31	1	0.014784	0010100101101010000101011111111
31	1	0.014814	0110101101010100111001110000100
32	1	0.020129	11100111111010111000111111110101
32	1	0.020377	11000101011111111000100000111000
32	1	0.020351	11000101110110100011111000011011
32	1	0.020953	11110110001101111101101111000101
32	1	0.020687	00100110011111111110010001000101
32	1	0.020289	01011011101011010000011001111100
32	1	0.020339	11001100111001110010001011110000
32	1	0.020876	00110011011110110001010101101010
32	1	0.020520	11101100001000011110000001010101
32	1	0.020340	10010011010100101110101110011011
32	1	0.020195	00110100110000111001111100111100
32	1	0.020331	01011101000101111001010011000101
32	1	0.020170	00001000110001011000100011001010
32	1	0.020062	01001010001001100110001001111111
32	1	0.020353	11111010110101000010011101100111
32	1	0.020636	10110110001000011011111111101001
32	1	0.020308	11101010011111111001001101011110
32	1	0.020391	10001011111001101000101100010100
32	1	0.020139	10000100010000011010110111101101
32	1	0.020119	11001000000110101110111110111000
33	1	0.032845	110101010001101100011111111000111
33	1	0.032010	100001111000011001001001000001001
33	1	0.032623	111010000001111110100101000010011
33	1	0.032779	100000110000001000010111010111011
33	1	0.032791	111110010010111101000100010010110
33	1	0.032695	110001111111101000101000100010111
33	1	0.032382	011001011100000011100001000011011
33	1	0.032438	011011110110110100101111111100101
33	1	0.033465	111000110000101100000111110101111
33	1	0.033900	010110101011001111000111001110001
33	1	0.033406	101000110100111100011101011111010
33	1	0.033343	111101010110111111101110100100011
33	1	0.033440	011110000001100110011001010101111
33	1	0.033530	110000110110110001000010010010101
33	1	0.032890	100001101110001001101001000011101
33	1	0.032729	111101011011110111010111110011000
33	1	0.032640	111010111011101011000110101001101
33	1	0.033202	100101011011100010110011111010001
33	1	0.033857	011110110001111101000100111110010
33	1	0.033373	111000110110011000111111101010111
34	1	0.044868	0100011000110001110001100101101111
34	1	0.044312	0010111001000010011001100011100000
34	1	0.044117	1110001000011100000000111000101100
34	1	0.044398	0110000100100111001011100111000001
34	1	0.044377	1110000101001100010011001011010000
34	1	0.045424	1101110001000011100010100000100111
34	1	0.044367	1100001010111100101001111110000111
34	1	0.044557	0110100111111001111001000000010000
34	1	0.044305	0110001011011011011010000110110110
34	1	0.044027	0001010000010011111000011011101101
34	1	0.044765	0110110110011000101000011010011010
34	1	0.044181	0101110100011100001110101000110101
34	1	0.044386	0101000011001110100000101001101001
34	1	0.044002	1010110000100101001100011011001110
34	1	0.043856	1010111010100001001101111011011011
34	1	0.044205	1011000001100111010111001001111000
34	1	0.044568	0110101010001010000101010101011110
34	1	0.043942	1101010011001101011101101111111001
34	1	0.044131	0100100100010111000100111010110110
34	1	0.044273	1100010011000011101001010011010011
35	1	0.071795	01101000010010001001000101000110110
35	1	0.071433	11011101100101110100001010100100100
35	1	0.073541	00101110000100000110010010100010010
35	1	0.073181	01010011100010011011000110000011011
35	1	0.072407	01101010000111010110100010010101000
35	1	0.072624	11000011101100101010000110101110001
35	1	0.073512	10000111100000111001101110101001111
35	1	0.072833	01000000100110100111111111011000110
35	1	0.071861	10100011110000100110000001111110111
35	1	0.072752	01000110111001100111010010011110010
35	1	0.071713	00000110111100000010011101101111010
35	1	0.072181	10001000110011001010110111010111000
35	1	0.071810	00011101000100111110100010000111100
35	1	0.072430	10101111010110010101001000010001000
35	1	0.072185	11100010000000110000110110000100100
35	1	0.072877	10100101100011100000001110111011011
35	1	0.072699	00101001011100001100111111001010001
35	1	0.073287	10010010010111011100111110000000100
35	1	0.072097	01011100001101010000110001011001000
35	1	0.072402	01011111001101000001100000010100101
36	1	0.094713	101110100110000111011010110000010101
36	1	0.094277	101000001001011011110101110000111100
36	1	0.093510	001010000101010011101001100001110100
36	1	0.093532	101111000101100001011010110001011000
36	1	0.094290	010000111000011011000000011111011000
36	1	0.094534	001101010000111111100001010010000001
36	1	0.093546	010110011111100110111101001110011111
36	1	0.093047	100101110000100001000110110110110101
36	1	0.094448	001101111011110101001110111010011000
36	1	0.094320	010000100011010111010000001101011010
36	1	0.093525	110010111010010110000010011100111110
36	1	0.094039	010110101111001001100010100111100011
36	1	0.093351	001000011010000110000010011000001111
36	1	0.092975	101010101000011000100100101101100001
36	1	0.093251	000001111010101001000111010010110111
36	1	0.093312	001110011110101100100111100101100011
36	1	0.093264	111001010111110000001001110000111110
36	1	0.092895	000010111000011000100101011001101110
36	1	0.092782	000001100010011000100111101011000011
36	1	0.094026	011000100011111100100100001110011010
37	1	0.154217	1000110100100000010011111110010011110
37	1	0.150512	0101001001100011100111111011110100110
37	1	0.156900	0000011100000111010100111000100000100
37	1	0.179319	1111001011011100000010110001111110100
37	1	0.156757	0111000010100000010101110100001100100
37	1	0.155331	0111010100101011001000101110100010101
37	1	0.156890	0110010110101100101000000111001110001
37	1	0.155641	0101111111100101100100011000111010111
37	1	0.155342	1010111010010110000101100100101000111
37	1	0.153726	1110100010110011001111110011101110111
37	1	0.154634	1001011001000110000110110110010010100
37	1	0.155781	1100010111011101100000000010100001111
37	1	0.153893	1001011011000001001101001010011111110
37	1	0.154094	1010111110011011111101111100011110111
37	1	0.155162	0110100101111100110101100010111110011
37	1	0.154402	1011101010011000111101010011110111110
37	1	0.154261	0001001100001100011110010100010101010
37	1	0.154223	1110000000101100111011101100111100100
37	1	0.156037	1010110001111001010010110011010000101
37	1	0.154289	1101110011010000010001101001010011001
38	1	0.209232	00000101101100001100111001101010111011
38	1	0.210701	01001111000001111111011011010010010111
38	1	0.211199	11111111001000011011000010100101100101
38	1	0.208721	10000111100111010100011000110111110111
38	1	0.208591	01111000100001011101001111000101100111
38	1	0.210507	00111011111100010100100010111110110100
38	1	0.208950	10001101100100000001011010100000110100
38	1	0.210308	11110100101000001110001001010111101100
38	1	0.209499	01100111000010101011110101001100111010
38	1	0.211117	00011010100100111001101100011001011100
38	1	0.209183	11100001000010001001001100000010001011
38	1	0.213193	01100110010110001000001010010100000010
38	1	0.212053	01001000110110010100011110111111100100
38	1	0.212758	00111110100111110101010100011100110010
38	1	0.211547	01010101111001011000011000100101101000
38	1	0.210742	10101000111001010111111010010001110111
38	1	0.210226	00011100100000101110111110011001111100
38	1	0.209929	00000010111100001010100011111101100110
38	1	0.209230	11110111001010001100111010001101110111
38	1	0.209384	01100110000000100100010000011001001000
39	1	0.332658	000000100100010011100101001001011001100
39	1	0.331304	100111000000100101000011111110001111000
39	1	0.334478	100110001111101001111110000111011000000
39	1	0.331862	101100011001100001011000110011010100111
39	1	0.333694	101101101010111101011000100110000010101
39	1	0.331520	111111010000001100001010100101101101000
39	1	0.330962	011101000001011010010111010110111110111
39	1	0.333322	000011010000100111000101100111000000001
39	1	0.335444	011101100111011110111111000100000110110
39	1	0.334569	001100101110101111011011101010101000011
39	1	0.334608	111110111001010011111110100001011011000
39	1	0.334330	000001101100011101100011110110010010011
39	1	0.333245	100100011110111000000010101111100100001
39	1	0.333742	110011010010011001100000101010010011111
39	1	0.332626	111110000010010001101101100000101011111
39	1	0.334294	010001001000111111000011110010001011001
39	1	0.333625	110111001110100011010100011111000001011
39	1	0.331774	001001101101010100001001110000111101011
39	1	0.334574	101111011101101000100001001010110000011
39	1	0.332976	101111010000011100111110100010011100010
40	1	0.444322	1110100001010000111101111101110001011101
40	1	0.445210	0110001011111010000001110110101001010001
40	1	0.446865	0000101111100100111010110101100010100000
40	1	0.450090	0001111011110111111101100010011100000010
40	1	0.447791	1011000010101010111101101000100111100011
40	1	0.444144	1011001100000000010111100010100100010111
40	1	0.449004	1100011111011011101010001101000110011100
40	1	0.445319	0000010001010011001000000000011101101010
40	1	0.444474	0111000010100001110000111001001011011010
40	1	0.444039	1001001111011010000000101111011111000101
40	1	0.444556	0011111010001101110111110111111110010001
40	1	0.447052	1110011100010010110010001010100011000001
40	1	0.449109	0111111001011010110110101101001110000010
40	1	0.443594	1101010100010110000101011110001111101111
40	1	0.446076	0110111111100101111010100110110010111011
40	1	0.448169	1111000111000111010110100001101000101011
40	1	0.447790	1011001000101001010110100100100101010011
40	1	0.448124	1000111011101100110111101101010000110000
40	1	0.450661	1010110101101010100000101011001000111100
40	1	0.453234	0010011010101111010010111001100011100101
41	1	0.703535	10101000001010001100110011110111110110001
41	1	0.703248	00001110100000100111011111111101011000111
41	1	0.706258	10110011011111010101111001100110110010111
41	1	0.708885	10101001111110000000001111100000101000000
41	1	0.706802	01010100001100001011011101111010000010100
41	1	0.704121	10010110110101100101011101111001011110110
41	1	0.709229	10011001100001100110000000100001111100001
41	1	0.708292	01001010101110100100010010111101110010010
41	1	0.706860	00011100010110010000110100110101101101111
41	1	0.710216	10010110111110000110011010100000100100001
41	1	0.710932	10011001110101111011011010110001100111010
41	1	0.708205	01010111101101000001001110001110110100010
41	1	0.704382	11010010001001000101000110011001100111101
41	1	0.721395	01110110001001110100100100000101100111000
41	1	0.706434	10010010101001000111001010110010110001101
41	1	0.710364	11011110100110101000000110100001010101101
41	1	0.708677	11010001101110001010000110000011110001101
41	1	0.702096	10010000100011000101010111111111010110111
41	1	0.704030	00001011000001100100110101100011011001111
41	1	0.712800	10001101100110011111100000101100000101101
42	1	0.964954	001001101100110000000000011001100111000100
42	1	0.967511	001100100110111010111010010001101011011011
42	1	0.965985	101111001000000101000101100100010100001001
42	1	0.968358	000110001010111011101001111010101100101001
42	1	0.963564	000100000001001010111111100100101110111001
42	1	0.965470	000110100001101100010100110101101011000101
42	1	0.962175	001010101110000001101101110100111001001111
42	1	0.970299	000100100011110000111101100000000000110011
42	1	0.967217	100001000110011100010100111101001000110001
42	1	0.965316	111001000001101100000101010001100000000001
42	1	0.974697	101110101111001001011111010100000010101010
42	1	0.970166	110011101001010010110110100111010001001100
42	1	0.966512	000111111110100000110101111100010111010001
42	1	0.968675	011011010001100001110100110100000111011000
42	1	0.971991	100111111110010110100001000010101001011101
42	1	0.969352	010110001110100001110001010000011111101000
42	1	0.976267	110011001111111110101011100101100001111000
42	1	0.965813	111011110100110000001001111001101001101000
42	1	0.974416	010101101110111010110110101001101000110100
42	1	0.968595	001101111111100110000011011101000010001000
43	1	1.501098	1110110011000011100010101111011011101111100
43	1	1.515112	0010001001101010011110011011100111001101000
43	1	1.506791	0111111010010101110101000011010101110111101
43	1	1.509428	0111000110111000101000001010101101000011101
43	1	1.518628	0010111111101110010111010010110100001100000
43	1	1.514265	0010100010111111000000011000001100111101110
43	1	1.507349	0011100010001001100101111000001001100110011
43	1	1.517034	1011100010110100101101100011000101100010100
43	1	1.517582	1101111111110100101011100010010101101010110
43	1	1.512152	1011010100100101101010001010000110111110110
43	1	1.515477	1111000101010001111010011110011001000010000
43	1	1.515922	1001010110011101110110000111111001011011100
43	1	1.504058	1110001111000011100100011111011110111101110
43	1	1.512754	0100011001110111100001001010100101110000011
43	1	1.514296	1110101101100001110011000100101110000111111
43	1	1.514404	0110001111101100001011100100001101000000111
43	1	1.516149	1011000100100111110011011000011100101110110
43	1	1.513223	0111110000110010010101010110100010001000001
43	1	1.517980	0001011011111101000100010011000000001100110
43	1	1.509873	0100111111111001001010010111111110110110100
44	1	1.984920	00111101100100000000111010100011010011011101
44	1	2.013144	11100000000100101111000001100001111001011101
44	1	1.989395	00010111001011111000100111001010100000011110
44	1	1.977464	10001110110010100101001110101001011010111110
44	1	2.010937	00110110010110000101011101100100100001000110
44	1	1.999791	01010100010111000111100101000000000110101001
44	1	2.010794	11011000000001100111110001010001111001110101
44	1	1.994814	00011001111110110100111010101101001110001101
44	1	2.003959	01110101100000010111101111000000111110001101
44	1	2.004004	01101100110000001101111101011010000100011101
44	1	2.001335	11000101110010101011100010000000100100000011
44	1	2.028200	00110001101100110011110101110101000100000101
44	1	1.997511	00110111100111001111000101110010110101011101
44	1	1.994798	00101000110001100001111001110111001110111000
44	1	1.990502	00100101111111101010001111011010001000101111
44	1	2.002988	10101101000100101100111011110000010100110101
44	1	1.998627	11111011110011101111101110111010111111101001
44	1	2.010146	11001010100111110101001000110001100111110100
44	1	1.986727	10011011011100000010000110110110100111001011
44	1	2.003846	11000011000000110001101110011001011111100001
45	1	3.299625	100001101010010111011101000100010110110110100
45	1	3.298582	000110010110110100101001010110010001001000001
45	1	3.309560	001111011101010110111000010000110111011001111
45	1	3.276641	111011010101111110110111010101110101011000111
45	1	3.316374	100101010011011001111101101100010011000000100
45	1	3.267526	010011010000001011011111000111011111101010111
45	1	3.274295	001000010010000100101101101100011111011100110
45	1	3.276558	100010000110111001001000000000011110010111011
45	1	3.300791	001101001111010000110111111000100111010011100
45	1	3.318974	011001111001111010111000101101000101000001000
45	1	3.302258	000110010110000001101110001010010100110111001
45	1	3.291127	101010000110111011110111010111100101110101110
45	1	3.328982	011100111010111111010101101111000000110000101
45	1	3.346492	001111100011010101101001110001001110101001010
45	1	3.286421	101001001011110111000000000110000011100111001
45	1	3.306484	000111111010101110100101010011101100100010110
45	1	3.285303	011000100010110001110001000100011011000010010
45	1	3.311966	110110001010011011101101001110100100110001101
45	1	3.316262	011100011010111101001000000101111101001100110
45	1	3.276446	000001001111000001001011100101100100001101101
46	1	4.437102	0101100001001110010010000001000110111001100000
46	1	4.455018	0110000100000010000111100111010001101111100100
46	1	4.448675	1101010011000101010110110000001101010001001110
46	1	4.457186	0100001000100001111010100110011010100000110100
46	1	4.437294	0011011101000100010110110010010001001011000110
46	1	4.407386	0111011101000100101000010110110101101101111010
46	1	4.465202	0001111001000100000111001110101000010100011010
46	1	4.495175	1010101100001101110001111000000110010010110101
46	1	4.433717	0101100100101100100011110010010110110001111110
46	1	4.410427	1111001100110100010110001110001110101100001111
46	1	4.464089	1101101111001001111110000111000101000111100101
46	1	4.438809	0010011110111000001000010001011001101001110001
46	1	4.502646	0110011111011010111011101000011100010101100010
46	1	4.451355	1111000110100101001111000100000110001010001101
46	1	4.437198	1110000111110100111010100110111111001111000111
46	1	4.464261	1011101001011000000010110010111110010000010010
46	1	4.441114	0011001111100000100100010010000011101101111001
46	1	4.440660	0010011111000001010100000100110001010001111001
46	1	4.464549	1011101010011010111011001011001101001001101110
46	1	4.469840	0101011010101001101110001100011011001001100101
47	1	7.089415	01011110001100111111011010111001001100110011011
47	1	6.919270	10000010101111010101010111110001101100001111111
47	1	7.047024	11110101111011101011010101111011011000100100110
47	1	7.034628	11010111010001111000001111100000101011110000110
47	1	7.052614	00010001010100101010100011010011010010111000001
47	1	7.004576	00000110110010110001111101011101010111010111001
47	1	7.020590	01010101011111101110101111101101100011101111111
47	1	7.055784	11111000001001100111010101100001010101001111010
47	1	7.031335	00100110101001011100100111010110000101010101001
47	1	7.062956	01111110101101100100101101000001111001010100010
47	1	7.031925	01111111110101010111100010111101011100101000011
47	1	7.059069	01010101011001111101011010010111001011111000100
47	1	6.958084	01110100001001100000101111100000110111000001111
47	1	7.045819	00001110101000100111101000110000101000101111011
47	1	7.056730	10101010001010100011010100111010001100100111000
47	1	7.131447	11110011001000001101100110111111011011000101011
47	1	7.034601	10011011111000011100100010101100100001101110001
47	1	6.967690	11011001110111111000101000010111111010110001111
47	1	7.022724	11101100011001000010111101001110010101100100111
47	1	7.266629	00100011010101011101000010100010111000011010110
48	1	11.059216	010101111100110011111001001010010110111111001110
48	1	9.652529	001111110001101111110011110101110011000010011010
48	1	9.406189	001011110101100111010111001110111111100110110010
48	1	9.404449	101111111011000000010000010011101000010000110101
48	1	9.464800	110101011111011101000001001011100000000111010011
48	1	9.362789	100010100000100010101001110101010111010101011111
48	1	9.488532	100101110010110110101111000010011011111011100001
48	1	9.372531	000000101000011001111010111100101110001100000011
48	1	9.366134	110010001111010101000101101101011111000011000111
48	1	9.424316	011111111000111111111100001011100001000110111111
48	1	9.354843	101011111010100000010110110001001000010111011111
48	1	9.445852	001101011100010110101110101100101001011100011000
48	1	9.383626	010110111100110100111110110110111110101111000010
48	1	9.396735	001010001000001110010100100110110001010001111000
48	1	9.393639	011100010110101010101001000011100000010110101111
48	1	9.356398	101100110100100011001101111101110000101100011011
48	1	9.520502	011010010111010111111001011010100011100010001011
48	1	9.350578	100011000001111000000111110111100001011111010110
48	1	9.505284	000111100010111000101110010011001001011110001110
48	1	9.337164	110000100001000110000101001001010111100100000111
49	1	15.562888	0011110010011001011001110010000000100001110011011
49	1	15.315037	0000100111010010000101101011011100100110001010101
49	1	15.262771	1010011110001111000110110101011100001001001111011
49	1	15.192488	0111001100000011110001010000011100001010110001010
49	1	14.920940	1010010100001110001011111111000100111100110110111
49	1	14.993477	0010111110111101110111101110101011011111010010000
49	1	15.197134	0101010010010111110101010100011011000001001110110
49	1	15.084585	1010010000011001001011101010111000001111000111011
49	1	15.039450	0100001010101001111111010110011100000000011110000
49	1	15.046563	1111011001001110001000001000110110101001100011100
49	1	14.971885	1011100010001010010101011111001001101101100111010
49	1	15.049094	1000101100011101100101010010100010001101001110110
49	1	15.045169	0011001000100101111100010001000011101100110101100
49	1	14.991470	0101000001001100001100100011011001011101110001111
49	1	14.997798	0100011101000011101111010000111100001100110011111
49	1	14.878950	1001000000110011100010011011111100001001111101100
49	1	14.944535	0001111110111010001110001100101111111111100110000
49	1	14.921149	1011101111011011110010101100111110001001000011111
49	1	14.919963	1001011111000100000100011010101011000111001100100
49	1	15.015196	0001010111000001101011001010000110100100110101000
50	1	20.623278	11001100000111000010111001110101001010011010011001
50	1	20.690510	11100111011011110010000101111110101010100001111001
50	1	20.516625	10011100001101000010101111010010111111000001110010
50	1	20.367677	10111010111011001000111010111100101001011011000101
50	1	20.586096	00111111010011110110100110110100100000010100111101
50	1	20.412990	10010111100000010000000001001100101010110101111011
50	1	20.159332	01010010111101001001011111111000111011010011010010
50	1	20.217861	10010101010110111100100011001100100000111001100010
50	1	20.075266	00000010111111010101110101100100101110100111110101
50	1	20.178508	11010111101000101101111011100101010111110001110000
50	1	20.203442	10111111000010011100000011100101011011011011000010
50	1	20.215119	01111101000111000011010110000100010011010100101010
50	1	20.139194	01111011101011000001101101011001110001000010000101
50	1	20.218610	00101010001101000111101111010001110101100111010100
50	1	20.051279	00001000100010111101011011110110101110010001011110
50	1	20.122521	01010101000110110100110110100010010001110000001000
50	1	20.140512	11001101000011110100001001101000101100110000011010
50	1	20.477207	11011001101100010110000010000111000110111011101000
50	1	19.972906	01000010010001010111000010001101101001110100000110
50	1	20.530463	00111101011010010101110010101000001100011101101010
51	1	33.028779	010111100110101000001101011000111011010110011000101
51	1	33.219177	000111111011111001000001101110001100110010000110100
51	1	31.574994	010001000011100011011000011011000100001110100010110
51	1	33.489263	111001000111010110110100010010001110000000111010000
51	1	33.566864	010011010001100111010010001000111100110010001100111
51	1	33.737441	001110111101111111001000000010000100111011101000011
51	1	33.145658	011010010001101001111001111010010110011101111110001
51	1	32.912823	000101110111000011101001010100101111010010111011101
51	1	33.166206	101111001101010011000110000101111011110011001110100
51	1	32.924314	100010110111101011111110100001011010100001100000000
51	1	33.230517	010001011100101101111011100110110111111011011010100
51	1	33.007966	011001101000000110110110011001011010001110110110111
51	1	31.914685	111100011110101000101111000101111111010010001001100
51	1	31.577932	111100100101011000101001011011000001011011101010010
51	1	32.015500	010111100010100110011000001000010001010110101100111
51	1	32.049236	100011110110100111101101110101100010000101101001100
51	1	32.155232	111001010010011011000110100010111111010010110110110
51	1	31.837147	000100111100100110011000011101000101110111100100010
51	1	31.497783	110110010011101011110110011000101000011010010100101
51	1	31.792955	011011001000111101111011111110101001110011111111010
52	1	41.300231	0011010001001110001000101000001110011001010101010010
52	1	42.753052	0111010100111001100000101001110010111100010100110110
52	1	42.525203	0111011010011101110101011010100000110011101010010001
52	1	42.307255	0100110011101010111101110100110101101010000111011011
52	1	42.897247	1000011110111100010000111101100100010000110011011111
52	1	42.267629	1010101001110011111101110000110110010100001111110101
52	1	42.923333	0010111110111110110000000010011010101101011111001111
52	1	42.976292	1011101101000111001010000111010000000111101011110000
52	1	43.438927	1010101100110100000110110100001011110000101001010001
52	1	43.168776	1001001110001000110101100000100010101110010011011100
52	1	41.615410	0111101010110000101010100110011101100001001100101010
52	1	43.254428	0100010011110111101101011101011000110010010101111000
52	1	42.541568	1001010000001000111011101100110010100010000110000100
52	1	42.206752	0000110100001011010110001011011010010010000110011101
52	1	42.395335	1001110101000100011111011001110000001000101001010001
52	1	42.200331	1000110011011000010101000011111001110111000011110011
52	1	41.871011	0110111110010100001000101111011010011000010110000000
52	1	42.227375	0111001111110010000011011110001101011000101010100111
52	1	42.879176	0011111010101010001110001011010111000011101000000111
52	1	42.090320	1011100110101001110000010100010111001110011111010111
53	1	48.786165	11110001101100110011100100010101111100111001011100110
53	1	47.341434	01101111000001101000011111001000010000011101100101100
53	1	47.277571	01010010100111110111001011111100101100010100011100110
53	1	47.623431	01001010101110110011101100010001011110110010001100101
53	1	47.567213	01111001100101011101101111110010011000000000000010111
53	1	47.591130	11111111000110111111110001111010100100000010011011101
53	1	47.529273	11011010001101011000111000100110011001000100111001011
53	1	47.552894	01111110001011010100110101011100010010010010001100000
53	1	47.563060	10101011111110000101011001000111110100001010001000101
53	1	47.485645	00000000100011100000110111001101001011000001001110101
53	1	47.288907	10010011010010000010011110000011111110110011101100001
53	1	47.537853	11111000100110110110100101001100101100011000110010110
53	1	47.990751	01100011110011111011010000010101111101101010010101000
53	1	47.510728	00100111111010000010000110011100000101101001000011001
53	1	47.902039	11110101010011001110011011110011110000101101000101001
53	1	47.282323	10111001001000111000001001011001001111000110001110111
53	1	47.559227	00000001100010101001011010100110111011001000100010101
53	1	47.364150	11000011100100010100000100111110001101010011011111001
53	1	47.302387	01111011111111010110111001000000101111111100001111100
53	1	47.132135	10010011001100010100010010001110010110101010010000010
54	1	53.178678	000001101110011000100011100110010100011000100101111110
54	1	53.103557	010111111000001110101011001110011110010110010101111110
54	1	53.219323	100100001000010000100101111111100101111100001100101110
54	1	53.478785	010101000001000101101110101001000111001011010010100010
54	1	53.711763	111110111001011110101001110110100001011111001000011000
54	1	53.616575	110010101010110111011011010101111010111000010101100001
54	1	53.415903	100100000100100010010111010110110001001000111100101001
54	1	53.436014	100011111011101010111010111110001101000011011101110101
54	1	53.393140	011111010101110100110101111111000101110111010010001111
54	1	53.471435	011001111100011001111010010011000010100110000000101100
54	1	53.453509	100110011000000111100111011011110110010100010000000000
54	1	53.655383	110000111001101111110100101101011010000001000000011010
54	1	53.307935	001000011000001110111000100101000100010110111010111011
54	1	53.179995	000101011011100000001011110001011110110011001110101111
54	1	53.411827	101110110100111100000010111010100100011011001001001011
54	1	53.417695	001001100000101100100001110101010111111001110000011010
54	1	53.760221	000111011011111000001010010101000111111110110000000011
54	1	53.365851	110100101010101011101101100101001100111110110110101110
54	1	53.642709	101011001100001011010100000000011101110000000000100010
54	1	53.960454	010000000111111001100100100100110010011110111110000110
55	1	87.897224	1010000001110101110101001001011100110000010110001011111
55	1	88.729160	1110110011011100111110011010111001110100010010010101011
55	1	86.545084	1100101001010110101000111001001110101011110101011000000
55	1	87.585252	0010010110101111111010111010000000110011000000100001101
55	1	85.054275	0010111000110110111100100001000100111011101011110011011
55	1	85.688488	1010111000011001001011111011100100010111111110010101110
55	1	86.162774	1110111101100110100000011010011110001010111000111000010
55	1	86.367534	0101111000101000000111101110000011000011101101100100100
55	1	86.564715	1110100001001011111010111011010000000001110111011110001
55	1	85.755174	1010100010001001000000011000011011101001011101100001010
55	1	86.369978	0111000110111111011011110110000000010001001101011110111
55	1	86.155050	1010001100111001111110100110000100110110110001010100111
55	1	85.955011	1100000101100111001001100010010101101111010001001111100
55	1	85.510699	0110000111001011010101101000010101010101011111101011101
55	1	86.573090	0000010000111001111111000000100101001001001110101110111
55	1	86.615901	1110111011110000010011100110001111100011011110011001110
55	1	86.254966	0000110010001011111100010100010100000111011111110011101
55	1	86.839507	0111010010000001111101011100010100111100110110111000101
55	1	87.320388	0001110110101101010111100000011111001100001111111001000
55	1	87.435016	0011100000010000111011110001001001110010010010001100000
