n	retval	time	result
10	1	0.000006	0011101001
10	1	0.000003	0100111001
10	1	0.000002	1101010101
10	1	0.000003	1100000000
10	1	0.000002	0100000101
10	1	0.000004	0111110010
10	1	0.000003	0001110011
10	1	0.000002	1111101111
10	1	0.000002	0011010011
10	1	0.000002	1000011010
10	1	0.000002	1010111111
10	1	0.000002	1001000011
10	1	0.000002	0100011000
10	1	0.000002	1101001100
10	1	0.000002	0010011100
10	1	0.000003	1011010001
10	1	0.000004	0111110010
10	1	0.000003	0010110010
10	1	0.000003	1101101001
10	1	0.000003	0011101001
11	1	0.000004	10001010110
11	1	0.000003	11110011101
11	1	0.000003	01110110101
11	1	0.000005	10001000010
11	1	0.000005	01011001010
11	1	0.000005	01010010000
11	1	0.000002	00010011111
11	1	0.000004	10110110001
11	1	0.000002	01000000111
11	1	0.000003	11111010111
11	1	0.000002	01010111111
11	1	0.000004	10110000101
11	1	0.000003	10001110110
11	1	0.000004	01110000110
11	1	0.000002	01000000111
11	1	0.000005	11101000001
11	1	0.000004	11001110001
11	1	0.000004	11011100110
11	1	0.000003	10001011110
11	1	0.000004	10101011010
12	1	0.000005	100011111001
12	1	0.000004	001010010101
12	1	0.000008	001011010100
12	1	0.000006	101100000001
12	1	0.000024	111101100000
12	1	0.000003	101100110111
12	1	0.000005	100101100011
12	1	0.000007	100011000100
12	1	0.000008	111101110010
12	1	0.000003	000001011101
12	1	0.000006	001110001010
12	1	0.000006	010011101010
12	1	0.000008	101111101000
12	1	0.000007	001110000010
12	1	0.000004	101101111011
12	1	0.000007	001011000110
12	1	0.000009	011111000100
12	1	0.000005	010001010001
12	1	0.000006	011110100011
12	1	0.000007	111010001100
13	1	0.000009	1000101011000
13	1	0.000006	0000110011101
13	1	0.000010	1110011011000
13	1	0.000004	0011000001111
13	1	0.000007	0001001001001
13	1	0.000008	0101101000110
13	1	0.000007	1111000010101
13	1	0.000004	0001100101111
13	1	0.000011	0011101010000
13	1	0.000004	1101000100111
13	1	0.000007	0101110101101
13	1	0.000004	1110101011111
13	1	0.000003	0011001111101
13	1	0.000003	0000101110011
13	1	0.000006	1100000100101
13	1	0.000009	0011011001001
13	1	0.000007	1010010010011
13	1	0.000008	1100011010010
13	1	0.000011	1111110011100
13	1	0.000007	0100110111001
14	1	0.000019	01101110100010
14	1	0.000012	01010011100100
14	1	0.000007	10100100110110
14	1	0.000015	11000110100001
14	1	0.000008	01010011001101
14	1	0.000011	10101111111010
14	1	0.000011	11100100110000
14	1	0.000014	11111100001000
14	1	0.000010	01110111110110
14	1	0.000011	10100010100100
14	1	0.000012	01111110111010
14	1	0.000006	00011101111101
14	1	0.000007	01101101110110
14	1	0.000008	00010111111101
14	1	0.000012	01110110001101
14	1	0.000007	10001001111000
14	1	0.000011	11100010000011
14	1	0.000004	00000101001111
14	1	0.000006	00101000001011
14	1	0.000005	11011000011101
15	1	0.000004	000101011111111
15	1	0.000010	011101111111011
15	1	0.000018	100011010000011
15	1	0.000014	110000000011001
15	1	0.000014	010001110100011
15	1	0.000011	110001110010111
15	1	0.000005	001000110111011
15	1	0.000011	000110101110110
15	1	0.000020	110111011100100
15	1	0.000007	001110010111110
15	1	0.000011	100010101101110
15	1	0.000011	100011100110111
15	1	0.000016	011111101111100
15	1	0.000016	001001110011010
15	1	0.000011	101010111000111
15	1	0.000027	111111000000001
15	1	0.000010	100011001110110
15	1	0.000016	000001001011000
15	1	0.000021	000011111010000
15	1	0.000011	011111011101011
16	1	0.000027	1010011000100001
16	1	0.000018	1101101110111111
16	1	0.000031	1111110111100001
16	1	0.000018	1100011001100101
16	1	0.000016	0001000000100111
16	1	0.000025	1010111001010100
16	1	0.000024	1000011010010000
16	1	0.000024	0111010100110110
16	1	0.000015	0100001101011011
16	1	0.000015	1011000010110010
16	1	0.000019	1110000010011000
16	1	0.000023	1011100110000111
16	1	0.000027	1100110101000101
16	1	0.000022	1010111011100001
16	1	0.000023	0000101000000000
16	1	0.000024	1100111010001100
16	1	0.000027	1000100100000010
16	1	0.000032	0111100100101000
16	1	0.000024	0011011111110100
16	1	0.000025	0101011100101101
17	1	0.000049	11100010001100001
17	1	0.000040	00111001101000110
17	1	0.000022	10010011111011010
17	1	0.000010	00100000011101101
17	1	0.000029	00101001010000111
17	1	0.000034	00000100000010110
17	1	0.000051	11011100000000100
17	1	0.000021	11100110111010101
17	1	0.000028	01101010101110001
17	1	0.000023	11000010101111000
17	1	0.000048	01111010110000001
17	1	0.000017	10100110111000111
17	1	0.000040	00100000010000000
17	1	0.000025	11100000010101001
17	1	0.000038	10000001000010100
17	1	0.000012	10010010011010111
17	1	0.000044	00000111001011000
17	1	0.000042	00110001111010000
17	1	0.000052	01111001001100000
17	1	0.000028	00100000101100001
18	1	0.000039	111110100110101101
18	1	0.000016	010110000111001110
18	1	0.000050	101101000000000010
18	1	0.000041	110011010111100010
18	1	0.000071	001101111101010000
18	1	0.000016	101010100111101111
18	1	0.000025	101110010110101111
18	1	0.000018	000001110010110111
18	1	0.000050	101001111110010110
18	1	0.000057	001011011101010100
18	1	0.000031	100101011101001111
18	1	0.000052	101000101000110000
18	1	0.000053	000100111001100001
18	1	0.000040	100101000100110000
18	1	0.000041	001001001000000011
18	1	0.000040	001001011111001100
18	1	0.000036	101011010011100011
18	1	0.000020	000001010100101110
18	1	0.000039	010001111111101010
18	1	0.000027	100100110111101001
19	1	0.000078	0000011100100001011
19	1	0.000047	0111110010111110110
19	1	0.000055	1100011010110111100
19	1	0.000028	1001000100110011011
19	1	0.000071	0111000010011000110
19	1	0.000036	1011000110011111101
19	1	0.000021	0110001100111111110
19	1	0.000083	1101001111010010011
19	1	0.000056	1101001110110101101
19	1	0.000083	1101100100010110010
19	1	0.000026	0000000101011001101
19	1	0.000059	0000100010100100110
19	1	0.000042	0001110101000111110
19	1	0.000046	1111011011111110101
19	1	0.000041	0011010101110000111
19	1	0.000043	1011101000110011011
19	1	0.000064	0111110011110101001
19	1	0.000095	1001010100000000000
19	1	0.000118	1011110011000010100
19	1	0.000074	1001100010011000011
20	1	0.000150	00111011011100101000
20	1	0.000041	00001000111010101111
20	1	0.000094	01011100111001111010
20	1	0.000123	01110101110010111100
20	1	0.000009	00001000001110111011
20	1	0.000036	10100000010110110101
20	1	0.000059	10111100010100111101
20	1	0.000073	11000010011001110001
20	1	0.000090	00111010101001110001
20	1	0.000079	10110110000100001011
20	1	0.000108	00100111000000001111
20	1	0.000064	01001110010111111010
20	1	0.000047	11100100001000011110
20	1	0.000060	10001010101011011010
20	1	0.000052	10101100011100100111
20	1	0.000088	00100100010010110001
20	1	0.000108	01100011101010110010
20	1	0.000091	00010101111000111011
20	1	0.000164	00101011110100101000
20	1	0.000091	00011110101011111000
21	1	0.000065	000111001010010111011
21	1	0.000094	111011111111011101111
21	1	0.000187	011100110100101100101
21	1	0.000259	111101011110011010000
21	1	0.000224	001011111000100000111
21	1	0.000179	000110001111001100001
21	1	0.000130	010010111111001101101
21	1	0.000201	001001101001001100010
21	1	0.000078	110010101010110101110
21	1	0.000053	010110011011111011101
21	1	0.000226	010101011110101101000
21	1	0.000109	100111010011000110011
21	1	0.000131	110100111111101100011
21	1	0.000222	101001100110001101000
21	1	0.000164	111111001001011110001
21	1	0.000053	001000100001110110110
21	1	0.000260	000101011100001000000
21	1	0.000123	000101010001000110110
21	1	0.000045	010011000110110101111
21	1	0.000125	000000110011000000111
22	1	0.000073	0010001110011101111110
22	1	0.000310	1110110101110100101100
22	1	0.000229	1000011110001000110010
22	1	0.000167	1110011110011110011010
22	1	0.000241	0011011111011010101001
22	1	0.000113	0110110000111010111001
22	1	0.000174	1110100001000011010001
22	1	0.000144	1111000110100110101111
22	1	0.000294	1000111101111101001000
22	1	0.000266	0100010101001000010010
22	1	0.000167	0101001101011011001010
22	1	0.000235	0011110011100101101110
22	1	0.000258	0110010011111001000011
22	1	0.000097	0010001100000110101110
22	1	0.000294	0010110110110000010110
22	1	0.000257	1110100110001011100000
22	1	0.000047	0010010100000101111110
22	1	0.000156	0010110100000011100101
22	1	0.000124	0001100000100101010011
22	1	0.000303	0111100100100001010001
23	1	0.000173	01111010001111011101001
23	1	0.000171	00000000111100110011101
23	1	0.000453	11111011011001011100001
23	1	0.000236	01110010010010000111011
23	1	0.000199	01101000010100110100011
23	1	0.000490	01100111110100000000000
23	1	0.000311	01011011101100010011011
23	1	0.000337	00010101000000001110000
23	1	0.000396	10111011101110010100010
23	1	0.000440	10110110101010000001001
23	1	0.000288	10000101100100100011010
23	1	0.000394	00101011011011001011000
23	1	0.000382	00111101100001101000100
23	1	0.000158	00100100110101001011110
23	1	0.000355	10001011101010010110010
23	1	0.000167	11100010011110011000111
23	1	0.000310	00010101100101011001000
23	1	0.000183	01001001100100010110011
23	1	0.000347	10001010111000111010100
23	1	0.000047	10000100110111111101101
24	1	0.000444	011111100001100001100011
24	1	0.000368	010000100010000101100100
24	1	0.000391	010101111100001100101101
24	1	0.000301	000111100101010011110101
24	1	0.000471	000010010110010110000000
24	1	0.000433	101100101001000111011000
24	1	0.000438	110010111100111011000100
24	1	0.000267	010101010001001001101101
24	1	0.000144	100101010100101111101010
24	1	0.000210	010100011001100101011101
24	1	0.000566	101101011101001101001100
24	1	0.000426	010111100011101010010101
24	1	0.000282	100001100100101100110100
24	1	0.000489	111010101111011010010101
24	1	0.000504	110001110110011000010110
24	1	0.000154	000001110001011101011101
24	1	0.000443	110111001001000011101010
24	1	0.000430	101110011000100101000001
24	1	0.000637	101110111011001101000001
24	1	0.000412	011111100000000101010010
25	1	0.000722	1001100111010000001110110
25	1	0.000461	0110010001110101101101100
25	1	0.000170	1101000100111010111111110
25	1	0.000533	1001010001101110000101100
25	1	0.000413	1111010101000101111110000
25	1	0.000171	0011110100101010001111111
25	1	0.000656	1111100000001001010000001
25	1	0.000211	1101010110001001101010111
25	1	0.000364	0111000011110101110101011
25	1	0.000175	1110110000010111110110110
25	1	0.000386	1110000101010101110011001
25	1	0.000402	0011011001111101101001011
25	1	0.000229	1100101001100001111001111
25	1	0.000311	1110010011011001001111110
25	1	0.000773	1111011001000001100001000
25	1	0.000424	1111101000010111001110010
25	1	0.000709	0100100000111001100100000
25	1	0.000439	1100000111001000011001101
25	1	0.000688	1010110101110111010001100
25	1	0.000369	1010001010101100110010011
26	1	0.000654	00011101100111011110110001
26	1	0.000875	11000111000110111100100100
26	1	0.000266	10010101101001111101101110
26	1	0.001255	10110100111110001001100000
26	1	0.000841	00111110010101011011000001
26	1	0.001043	00110011111001101100000100
26	1	0.001060	10001110101110010001011100
26	1	0.000750	11010001000010100000101000
26	1	0.000943	10010110101110000111000111
26	1	0.000926	11001011101111111000010110
26	1	0.000500	11001000100010011000011110
26	1	0.000630	11100000111010010111010101
26	1	0.000155	00011001100001110111010011
26	1	0.000239	00010010100010110101111100
26	1	0.000441	00101100001000011001010011
26	1	0.000606	10001111101011111101010101
26	1	0.000726	00100111000110101010011001
26	1	0.000280	00010000011100111001101011
26	1	0.000694	10000000100010000001000011
26	1	0.000197	10000111000100111101110110
27	1	0.001193	101100000010110011100000101
27	1	0.001586	111101111000000000100010100
27	1	0.000249	111000111000000011110111011
27	1	0.001578	011000100110001100000000101
27	1	0.000596	100110110011101011111111010
27	1	0.000694	010011010010000100110101011
27	1	0.001381	011100000101001110001000100
27	1	0.001468	000001100111011010101000100
27	1	0.001018	101011001001110010011101100
27	1	0.001218	000011101011000010011110010
27	1	0.000967	001101101111111110101011010
27	1	0.001535	000101011011100101101000101
27	1	0.000864	001011001001110111010000111
27	1	0.001834	000101111101000010000010000
27	1	0.000811	000000010011100111111010100
27	1	0.000682	100110100100101101100110110
27	1	0.000466	011101000010000111010101011
27	1	0.001657	000110000111110001010001100
27	1	0.001287	011100011010111100101101000
27	1	0.000866	100000010000001001001110010
28	1	0.001657	1111101001001110000011000111
28	1	0.001222	1110000000111001101100110010
28	1	0.001551	0111110101010000101010110100
28	1	0.001327	0111011001111000101010111011
28	1	0.001348	0110001000011010010011100010
28	1	0.001066	1110011101010011011001100110
28	1	0.001406	1111000010001010000101100100
28	1	0.002134	1101011100011101101000110001
28	1	0.001104	1000110101001011101011110000
28	1	0.001374	0101111011111010110001111110
28	1	0.000946	1001111010001010110110010110
28	1	0.001513	0111111110111001010011010111
28	1	0.002518	1010110110111101001010100001
28	1	0.001668	0101101001111010010100101101
28	1	0.001569	1001100100001110010101010100
28	1	0.002035	1011101001110000000000110001
28	1	0.001246	0000000010100000010100100011
28	1	0.001881	0101011111101111100110111000
28	1	0.000827	0011001000100110000011001111
28	1	0.001739	0110101011000100001101010001
29	1	0.002490	10000010100110110011101010000
29	1	0.001828	10000001001010110110101100100
29	1	0.002747	01010000001000000111000100100
29	1	0.003443	11011110011010000010010001110
29	1	0.001736	01010110111101011100001011111
29	1	0.002255	10011001100011110011101101000
29	1	0.002272	01001000100110010101101010100
29	1	0.003992	11100110101011001001100100000
29	1	0.003297	01110100011111010111110000010
29	1	0.003900	01101011111100100001000000101
29	1	0.001102	11001011100010101100110011101
29	1	0.003739	00001000111111101101000001100
29	1	0.000868	10111100100011011011011111101
29	1	0.002863	10111001000110100100010011010
29	1	0.003094	00110100000110000000010110100
29	1	0.000706	11100111010001110101110111011
29	1	0.001573	00111001011101010101010011111
29	1	0.004076	10011101011011010001001001000
29	1	0.003028	00100010110100001011000100100
29	1	0.003555	11101010011010100000010000110
30	1	0.003525	111110001101101101110000101101
30	1	0.003088	011111001010001010101000111100
30	1	0.004457	100101110011101000010110101001
30	1	0.002656	010101101101001000101111100011
30	1	0.002183	000100101100001111100110010010
30	1	0.002936	100111010000001000110010000101
30	1	0.003480	100100110111110010110001110011
30	1	0.002790	100010101110100011101001011100
30	1	0.003035	010100010010001000101001100001
30	1	0.003261	110100011000010111011000000000
30	1	0.005207	010011110111001110000001110010
30	1	0.002278	110100100100011101011100100110
30	1	0.003955	100100011001110101101000001100
30	1	0.001461	010001110100001001111111001100
30	1	0.000661	011101110001000111110011011110
30	1	0.000718	000110010000011111110111110010
30	1	0.001604	111100101010000011010011010101
30	1	0.002466	110001001101000001111101000100
30	1	0.003667	010011001110111010110011010101
30	1	0.004705	011101001111001101010001100100
31	1	0.002977	0101101011001110111011101110110
31	1	0.008622	0011101111011101000010001001100
31	1	0.006359	0010101011100100011010111010000
31	1	0.005310	1100000010000100010100010101100
31	1	0.007344	1111010011010111111001001000001
31	1	0.000662	0001001100000011111011011110110
31	1	0.004743	0100000101100110111010000111001
31	1	0.004803	1100010110100110000001111001101
31	1	0.002186	1111011011100001101011011001101
31	1	0.001920	0100010101100111010111011011111
31	1	0.000738	1011010100000011110011011100111
31	1	0.006406	0010111111100011010100001011001
31	1	0.004016	1001001100100101000111001001110
31	1	0.006421	0011110101011011100000111010001
31	1	0.004847	1000010010011101001000010110101
31	1	0.003210	0001011111000000010101110001011
31	1	0.003133	0010011000110100011000100111101
31	1	0.006369	1011101111100100011100000011110
31	1	0.006820	0111001011110101101011101100000
31	1	0.004817	1110000000111100000000011011101
32	1	0.011217	01010010101101110100000100011000
32	1	0.008206	10011001001100010100100001000100
32	1	0.005843	00110101011111101110110110111100
32	1	0.009892	10011010111100100101001100000010
32	1	0.005994	01011100111010101011010110001011
32	1	0.002784	10000010101111001011110101101110
32	1	0.004157	11001001011110011101110100111101
32	1	0.006754	01000001100010011000111001001000
32	1	0.003200	00100001101011010011111111001111
32	1	0.010217	00011111001010111001110110000001
32	1	0.004194	01100010011100000101110100010110
32	1	0.011005	10001100011101110100001100100001
32	1	0.006694	11000000111010010110101000110010
32	1	0.006728	10011110111100011011010011000111
32	1	0.010262	11011011111010110000000110111010
32	1	0.006164	10101011110100010111010110111000
32	1	0.003764	01111001011010101110110011100111
32	1	0.004052	00110011010001100100111100011110
32	1	0.007372	00000011110010011010001111100000
32	1	0.004828	00000110110001111111101110010110
33	1	0.015648	011100110101100101001010010000011
33	1	0.018906	100100101011111110110010100100000
33	1	0.006946	011011001110000010100101101111000
33	1	0.013028	010010101101110010100110011110000
33	1	0.015676	010101111000101000001000000000101
33	1	0.008975	010011011011101110110100110110110
33	1	0.011240	001010110111111101101100010101101
33	1	0.003255	111110100011001011011010111111010
33	1	0.005484	101100111001110010100001101111101
33	1	0.007047	110010000001011010010000011011110
33	1	0.005126	110001100101111010011111110011011
33	1	0.015780	111101011010110001011000001101000
33	1	0.011582	011011100011100101001100001011101
33	1	0.017532	101110010011111111011100000001010
33	1	0.007069	010000111111110001101111010111001
33	1	0.005981	101011011100110000111001111010101
33	1	0.009058	000001000001111001010000101110101
33	1	0.006187	010111110100011100010100111101111
33	1	0.011245	001010010100111000010011111101000
33	1	0.012703	001110000100101111100010000001110
34	1	0.013537	1100101011110010010000110101100110
34	1	0.007588	0101010001110110000011001110110111
34	1	0.010022	0101010010010001001110110000110001
34	1	0.020562	0001010010011110101110001001000100
34	1	0.020231	1101110101101011000101101100100100
34	1	0.030049	1010101111110100110010011100010110
34	1	0.015019	1110000011111110011110100011010100
34	1	0.020269	0010111000001111100000011010001110
34	1	0.008234	0001000111000001010001010100001111
34	1	0.006712	0101001011010000010010110011100110
34	1	0.014272	0101001110001111001011111001001001
34	1	0.007943	1100001100001011111111111100110000
34	1	0.011177	1001010101001000001000101100110010
34	1	0.017069	0101101101111000010110110000001001
34	1	0.011308	0110000001000011011100001100000110
34	1	0.006782	0011001110001110000011111111100110
34	1	0.004640	1111011000101000110110100011101111
34	1	0.005343	1101010100000100010001100110110101
34	1	0.004884	1011110101011000011111001101101101
34	1	0.016472	0100001100111111010000101110010011
35	1	0.027768	00101100101010000000001010000101100
35	1	0.008478	10110100101000011011100101101111001
35	1	0.011449	11010111101111000110011110101111100
35	1	0.015568	10011110110010111110011000111110011
35	1	0.029055	01011100011110100000100110100111000
35	1	0.009816	11111110110100110100111111111010110
35	1	0.031437	01110111010111000000100100001111000
35	1	0.021338	11000000010110111001001110110110001
35	1	0.021028	01110101011111100101110111001000011
35	1	0.022160	01001011111110001100000111100001111
35	1	0.031697	01001001010010110000010000000000001
35	1	0.024569	00000111010111111010100101100110011
35	1	0.018963	11111101100010111100110011011101100
35	1	0.017967	00010011100110101111001010010011110
35	1	0.015657	00000011110000110111100110110001001
35	1	0.016784	01011001000100010101001001100110101
35	1	0.010101	00010100111100100110101100100111101
35	1	0.027994	10001101100011110100110010001110010
35	1	0.010979	00010001100100110010100101111001110
35	1	0.023745	10001111010110110101001010100011110
36	1	0.013399	111000100100110101101111100111101011
36	1	0.041178	011110010100111011001001111000110100
36	1	0.027770	000110111101001110101101000110110110
36	1	0.043650	101001111101010011100011000101101000
36	1	0.035713	000110010001111111001011010010101011
36	1	0.038495	101100001001101110010111000101011000
36	1	0.041340	110001011110011101101111100100011000
36	1	0.007543	001000010100011100110101101101110111
36	1	0.006852	001000011000001000101101011110110010
36	1	0.026825	001111001100001001010110100110001010
36	1	0.012140	011010100010011010000111110110011101
36	1	0.035394	110011111101110111101101010001011110
36	1	0.011790	011100101110000110100010101011011111
36	1	0.011643	100000010000101011111111110110010110
36	1	0.027461	110101010000100001100010000000100111
36	1	0.003614	010100001100110000011100011011101111
36	1	0.024533	000011101000011011001101011111011000
36	1	0.034020	001001100100110110101100001100001011
36	1	0.027491	001110001010101001101011111000001010
36	1	0.042498	011111011110110110010010011100110100
37	1	0.075072	0100011110001111100001110000000011010
37	1	0.016247	0001010110010100011110101101011001110
37	1	0.025947	1110110100111111101111101010000111111
37	1	0.055493	1001011011000001011010011100010101000
37	1	0.054259	1010011010110010100010100011110100001
37	1	0.050306	0010011000010010101100100110000011010
37	1	0.037809	0010110100011011100100101100101101110
37	1	0.052876	1001101011111011100001001101110010101
37	1	0.050439	1001000001010101011011111110100000001
37	1	0.054747	1111001010101010100110010010100100011
37	1	0.013295	0101000101000010000001111011010110011
37	1	0.052714	1110001001101100000100001011000010110
37	1	0.047146	0011010111100100100000110000011101110
37	1	0.013773	1100000000100111101011001101111111111
37	1	0.049796	0100000100000111100010100001010110110
37	1	0.025770	0111001001100110001111100011110001010
37	1	0.024498	0101011110110110000000101100101011111
37	1	0.066779	1000010011011110010111110000011000010
37	1	0.052883	1101111111010001101111011100110100000
37	1	0.018933	0001001101010001110100101000111111111
38	1	0.043669	11010000111100011100010111110000111110
38	1	0.042568	00001000011010100000100100111100101100
38	1	0.051168	01000011111000111010111010100011110110
38	1	0.039434	10000110111001101001110000100110010111
38	1	0.085477	00001001101110100111001001100101000100
38	1	0.074427	01111110100111100011111001111011000000
38	1	0.043874	01111111001010010001001101111010001100
38	1	0.077954	00101110011101010100100000101110100001
38	1	0.051665	10110111110100001101110101000011011010
38	1	0.083076	00011110100111000110110111101010000001
38	1	0.062885	11010000010111110100110100001110100011
38	1	0.013001	01010000001100101100001111011101111111
38	1	0.091825	00101111111111101001110001000110100010
38	1	0.045533	11111001001100011000000001111110011001
38	1	0.080555	00111001101111001101100000011011001010
38	1	0.049675	11011000011000101000001010101001110100
38	1	0.096602	11101011011111001111101010100010100110
38	1	0.044266	01111001001000011110111001001101010111
38	1	0.003950	01010101000100000100110100111111001111
38	1	0.065111	10111111101000010110111110101000101001
39	1	0.050722	001110010110111110110111111101010111110
39	1	0.093046	101000110010010011000011100100011011010
39	1	0.068859	100001010011101101111101101000111010110
39	1	0.002158	100000010100001100011111011101111110110
39	1	0.043820	100111001000111110101110111110110101111
39	1	0.084147	000010110101101011110011100001111100011
39	1	0.132668	011100100101111010001001100110010100001
39	1	0.145935	110111101000011001100010000011010110001
39	1	0.079968	001100111111111101100011100000111110111
39	1	0.157794	011110110111100111110001101000010101100
39	1	0.114723	100000100110010100101010011010100001100
39	1	0.101798	011111011101100000011010000011010011010
39	1	0.083750	000100001000010100001001100011101100010
39	1	0.051907	110101010001100010001011100011101101010
39	1	0.113273	111000111000101001001000100011100010101
39	1	0.050555	110010000001111010101111101100000101111
39	1	0.046565	110110101011100101011010110110111101001
39	1	0.154709	011111100011111010101000110001110101000
39	1	0.101975	110010110101110100000000000001011111011
39	1	0.100094	110110111011000110101111011110010001001
40	1	0.179547	1110011001101101011010111000001000010111
40	1	0.018794	1101001111000110000010011111111110001110
40	1	0.098177	0001100011001111000110100011001000111111
40	1	0.114047	1101101100110011011011000111111010101100
40	1	0.170282	1010011000100110110110001110101010010010
40	1	0.072336	0001011000010001000000101000010101011110
40	1	0.137505	0001000100110110111111000111111101001001
40	1	0.116867	1011111011101110000111010110010011101011
40	1	0.030591	0100000001101100011001001011101111111111
40	1	0.101948	1110011000001011000110101011101000011100
40	1	0.107211	1010101000000001000101110110100000101100
40	1	0.148144	1100110111011010011101101010101101110010
40	1	0.130228	1100011100000010000000101101011010000000
40	1	0.066841	0011111110100001011001110100101111101110
40	1	0.057603	1110110000001001000101111001000111100110
40	1	0.159501	1001110011110011110100110111100111011000
40	1	0.104133	0000101011001100111111110010101111101101
40	1	0.137727	1111011101111001000010000111010010010011
40	1	0.091068	1110101011000000010101011110011000001110
40	1	0.119171	1001100100001101010011010100011010000110
41	1	0.156916	11000010010110011011110010111011100010011
41	1	0.342381	00001011101110011111001001001000110010101
41	1	0.090010	00100110011111100001001111110101110111100
41	1	0.208716	11101100110010000001011011000111110000100
41	1	0.249980	10000001111010011110010010110011001011010
41	1	0.084031	10011010100000000011111100001011100011011
41	1	0.274125	01100101101000011000100001001000100101001
41	1	0.252432	00011100010110010100101010111100001000001
41	1	0.204184	11110101111011101000001011111100100100101
41	1	0.086223	01110001010010110011100001011101110111101
41	1	0.222202	00010000100011101101010011001110011001001
41	1	0.202133	11011100110000001001000101010100011011001
41	1	0.065325	11100110100111010100101000101111110111011
41	1	0.132622	00010111001110000010100110011011100001101
41	1	0.303107	10100001011101101000110010000000110101000
41	1	0.116899	01011111001010010100001101100000101011111
41	1	0.141592	01101111000010110101110111001001000011111
41	1	0.157403	01101000011101100111010010111010100111110
41	1	0.241039	10011111000111111101001001000100111110101
41	1	0.229090	11010110100111000111011000001010011111001
42	1	0.082647	101001100110000011100111111111010110010001
42	1	0.244115	000110001001000000010001100001000001100110
42	1	0.349628	100100101011110001110010110000101010100011
42	1	0.256671	010100010100100100111110000101101010111000
42	1	0.273325	101111101110011011110010011100110011111001
42	1	0.410994	100011000110111010111101001111000001011000
42	1	0.341463	011101100011011111110110010101110001101100
42	1	0.260565	010100100000010001110111011101000100000100
42	1	0.118065	000101100011000001110001010111100111110100
42	1	0.375971	110111010010010100111101111011000000100001
42	1	0.302025	001111010000001000111001001110100000101001
42	1	0.240648	110001010011000101011001010001111101100100
42	1	0.347072	100011000100100110111101001100010110110000
42	1	0.027101	000000010000100001011000111001111111111010
42	1	0.166458	011000100000100100000110001101110000000111
42	1	0.245531	101001011010001010111000110110010110111010
42	1	0.295779	100011100110100010110111000001001111100000
42	1	0.087947	001000000001000010100010001010101111000111
42	1	0.260789	001001100100111100011100010111111100000011
42	1	0.199433	001000000011001000010001110000101001011001
43	1	0.184853	1101011000011001010000111111011111000101000
43	1	0.606541	1100110011111110001000010011100000010011100
43	1	0.286503	0001001110000001011111110110110110011100001
43	1	0.311388	1111010001001010010111001010011111001111000
43	1	0.446609	1101100100100110100010110001100011010110010
43	1	0.296033	1000011001100010011010111001100011110100011
43	1	0.588137	0101011111110010101001001101000001000101011
43	1	0.255919	0101101101110001011101010100010011110111101
43	1	0.752353	1011111010111101110010010010110000100000001
43	1	0.455323	1101100010100010110111011000101101010110001
43	1	0.192995	1110001101011001000101101111100011010110001
43	1	0.647040	1010000101000011111100111000111001111000000
43	1	0.268342	0011101000000000101010010010001101111101010
43	1	0.460611	0011111100101001111001001011010101001011010
43	1	0.281167	0100101100001001000100110000101101111000110
43	1	0.530072	0100101001000111100011101001001101010001100
43	1	0.673782	1001111110110010110111001000010011010001101
43	1	0.317249	0010001111100000111111101110001100011111100
43	1	0.562982	1111010100001111100111000101100100101001011
43	1	0.300927	0011001101110100100010110101110101001110010
44	1	0.563150	01011000000001011001100010000110110001011100
44	1	0.543909	10001010010010011001111011101000111000010111
44	1	0.576658	10011000100011011111001001001010101001111010
44	1	0.689577	00011000011110011110010000001001010111010111
44	1	0.735864	00101100110001011010011101100100001001001000
44	1	0.670242	01001110011000011010010000010010011001100011
44	1	0.621068	00101001011101110111111101001101101111000011
44	1	0.633363	01000110111111011100100110100111100111100010
44	1	0.595608	10001111100001011001110101110011011110110000
44	1	0.330039	10010011110001100010010000111111100011101001
44	1	0.419943	01110011110010111010001011010001010111001110
44	1	0.918245	01100011011001111001010100100000100100100000
44	1	0.296179	11111100100000010000011001101000100011110011
44	1	0.443479	00000101000100111101110010001111111100111101
44	1	0.534619	10101000101011011100100011011010010001101011
44	1	0.623782	00011011100010010011000000101000100010111010
44	1	0.324179	10110111101100011010010011101001110111101011
44	1	0.612248	10111110000001011001000000111100000100000011
44	1	0.668619	00000010011000100100110101000111100101000000
44	1	0.926447	01000011111001100111101001101010010010100010
45	1	1.541302	010110110110110101001100001100100001000001001
45	1	0.492418	100110100110100111010101010011110010111101101
45	1	0.529790	100100101000100110111000111011110111101010001
45	1	1.398119	011000101110111111000000110000110000010010101
45	1	0.304641	000101000000111101001111110110111100111111101
45	1	0.861837	010000010000000110101010100100111100011100100
45	1	0.105878	101000110110000001110011011110111111010011101
45	1	0.719131	001100100001010010000011000001111001100101001
45	1	0.641535	000010001110010111000010100111001011010000111
45	1	0.504262	010011001100101110111010100111111001111100101
45	1	1.092524	100001001001100010010001110101001100011100000
45	1	1.367399	110100100100100101110000100111000001000010100
45	1	1.014892	010110110101100001100110110110010101010001001
45	1	0.431080	000001110110101010000100111010110000111110110
45	1	0.574487	010111001110100101001101111011011101100011100
45	1	1.468618	011100100010011101001101010000011001010001000
45	1	1.390946	001010111111100110101000010010001111100000101
45	1	0.215227	110010100001110011000001001111010101011011011
45	1	0.168406	010000000001101000110010111010101101011110101
45	1	0.967696	000110111010101011011101110001110010001011101
46	1	0.421149	1010110000000111000000101111000111100101010110
46	1	0.313924	1011100001111001001000110110101010111111110101
46	1	0.708488	1110110011000101011000001101110001110011100010
46	1	0.997641	0111110100001010101011010001111001110010001011
46	1	0.822053	0101010100000011011110110110011010101111110010
46	1	1.213587	0001010101101011100001011100110101100000101001
46	1	1.944230	0011100110111001110111000000001111010110010100
46	1	1.457764	1111111000101011110100011111110010000000000111
46	1	1.242452	1111110000000000111101000010011100001100001101
46	1	1.394380	0011110101000010101001111100110000010110000101
46	1	1.544689	0110010111001001010101100111010100001111100000
46	1	1.091125	0101110010110010011100111010000011100101101011
46	1	1.709983	1011111010101101110100001111010000001000010101
46	1	0.816477	1010110000100100001011000011001011011100110001
46	1	1.411567	1101100111011000100101011100001010100001001100
46	1	0.986247	1110100010010010101100110111101100001001011100
46	1	1.485483	1110111010101011001101111011011000001001101011
46	1	0.950393	1111111010101001010010000100111101001100100011
46	1	1.919837	0101110111000001111111100111100100101000100011
46	1	0.413933	0000111000011010111000011110110110101011101010
47	1	1.978006	10100010111001100001110000000000101111011111100
47	1	1.517755	11001101010011111000100111101100010101011001100
47	1	0.939893	00000100001101011100011110011111110001101111000
47	1	0.918420	00011110000010000110011011101001001011111011010
47	1	2.711516	00010001010111001010110000100010111100111000010
47	1	2.616895	11011111010001110000011001111000110001010010001
47	1	2.490348	11100100001100001101100000001000100110111001100
47	1	1.873497	10110001111111100111010001100111110100101001011
47	1	1.535336	00100011111110001100000011011110001000001101101
47	1	2.222280	01110001111101110111010000100011111001100011110
47	1	2.037301	00000111001100110100110011111010011000010110001
47	1	2.910932	01011000000011101010110111010000001000100001010
47	1	2.719842	10101100011110110111110110111000000010101110101
47	1	1.502735	10010011111011111001000011001001111100100011110
47	1	0.643251	00110010010100001010000100110111101110100101010
47	1	0.534794	11001000000000110101011111100111011111001001110
47	1	2.317919	00100101001110110010110000011100111100000110101
47	1	2.520248	11000111000110001001000001100110000000001010110
47	1	2.451299	10011100111000001110110001011101010100010010101
47	1	1.459022	10100111111011100101010110011101101001110001101
48	1	0.923839	011100100111001101000001010001000101111101101111
48	1	1.120461	001000101101000010100111111110011100011011111110
48	1	1.837667	001111001010100001010110010011011101001110110100
48	1	3.306876	011101100000001111010011011111010010001001000110
48	1	3.175425	110101100001010110110011001000001010110010111011
48	1	2.563775	110000100010010111110011010010101100101011011011
48	1	3.796511	101000010011111100110001000010001110001100100011
48	1	4.461773	111000101101110011110101001010100100111001011000
48	1	1.681804	001011101001000110100101011110110111100110011000
48	1	2.111524	011101101100110000101011101000010011001110110111
48	1	3.782708	110100110110110100010111000011010101111001000101
48	1	4.915585	000101010110101111011011000010010001000010011001
48	1	2.801691	101110010101111100100011000111111110011100010100
48	1	4.415170	100110001010011101011101000010111000000000111101
48	1	1.424546	100111100110000010100000100011010011001101100101
48	1	1.508819	001000000111110100001011111011100101110001011110
48	1	2.461258	111101001101000100110100011101100001100001001110
48	1	2.909871	000010001100010111011000011011110110001000010010
48	1	1.146532	101101010000000100110111101110110110101110111100
48	1	2.475606	111100001111110001011101110111111000110010101011
49	1	6.146456	0001111001001110010010001100000000100000100000101
49	1	4.048146	0101111011011111010010001010111100011000100111100
49	1	4.735970	1101001100010110001010101100000100110010100101101
49	1	1.820255	1101000111011110000001111100001010000110111111111
49	1	6.360320	1000110001110111001110111001111010110000001001011
49	1	5.198858	1010001100011111111010010011100010010011100011110
49	1	0.334283	1100101110100001000110000101111101001001111101111
49	1	4.388747	0100111110101100110101011100100101110010011010101
49	1	4.873685	0111100100100100100000001000001011100010110001010
49	1	7.092653	0001011111010100111110010101101000100000100111100
49	1	5.611547	0111000101010110110110101001010011111010100100100
49	1	4.875419	1110011101110000011111100110011100111100010000111
49	1	7.745106	1101100011111101001010110001000000111101000000110
49	1	2.936741	0100100110110010101110110101100111110010011111001
49	1	2.187862	0110001000110110111000111110110010111100101101011
49	1	7.282456	1111000111000010101111100110000011001000001110001
49	1	6.339498	0111100101000011110101101010110011000100001001110
49	1	3.200416	0100001001100011101100111001101110111111001101000
49	1	6.568995	0100010010110011010100111100001001011101010010000
49	1	2.930811	0010110101000011101111101110001111110111101100100
50	1	9.169694	11101110100010010110101110101010000010100110000100
50	1	7.027134	10111101110101000011101011110101000000000111110110
50	1	3.142375	11011010100000010100101011100011111010101011000101
50	1	7.074382	10001000101100110100101101000001110001001000001110
50	1	7.691370	11111100010001010001111101101000000000110101110011
50	1	3.403019	10110010011111011110000010111110101000110001110111
50	1	5.755199	00100011010001011001011000010101101000100111110000
50	1	7.449700	00101001111111111000001101010100011100111100001000
50	1	9.405093	11111111111011100010001111000001101000000000011011
50	1	3.332113	00000101111111100100100110111011110101111111111001
50	1	1.187362	11011000100111111110000000101101110111111111000011
50	1	2.039269	11100110000100100000000101110101111010100101100100
50	1	3.800189	11101011001011000000111111111110111001011111010001
50	1	8.972566	00001011010101101011000111000001000001010000110001
50	1	3.542272	11100010100101000111000101010010011100101010101011
50	1	5.727675	10101000111000110011000011101110000001101000110001
50	1	2.634305	01110111011001100000101001110010101101110101010001
50	1	4.600356	00111010111110001111111111101011011110110111111100
50	1	3.467194	10101001111110100101000010111000101101111011011000
50	1	6.723619	01001110011110011111011101000000010001011111101111
51	1	15.038309	001011110110101100011001101100000010010100011100100
51	1	14.364016	000011100111010101000110111000010000000011001101100
51	1	4.211789	000100011100010100000010111101011011001111100001010
51	1	11.304005	010011111001111000110000000000110110110001100101010
51	1	13.478070	001000101001101101111011110101100010101000010100111
51	1	11.914389	101101000111011000010110110111000101110001100100001
51	1	12.330201	101101100111100110110101111011001001011100100100110
51	1	8.742763	100111011011000101100110101001101011111010010100110
51	1	8.118197	100100101001010100101011001010111001001101001100011
51	1	4.334613	101000001111111011001000011010101010011010100111101
51	1	7.724677	110000100011000001000000111111111000010100000001110
51	1	10.574737	100000111110111100110011000111101001011010001100110
51	1	8.109770	011110101001000011000111111011100001001101100110101
51	1	14.528038	010100000010110101111101010000001011001111100001001
51	1	15.318733	001110110001110110110101001000011011001000000100001
51	1	3.121602	000011000010101110101000100110010111011001110111011
51	1	5.302999	101110001101011000011101000111100110001111101110100
51	1	3.548328	001001100101010011100100110011011001010111011011110
51	1	4.369307	011000101010011000100011110101100010100110111011011
51	1	5.370339	110000000001111010001000000100001110010111010101110
52	1	15.594658	0100101110111100101001011110001001110011011000111100
52	1	17.454658	0101001111011011000001011100100011000110110000111100
52	1	12.645619	0111011010010111000101101011010000110001101110110010
52	1	5.068480	0001001011100011100000000110010010011111101100011100
52	1	17.415168	1000010001100001011010011110100001001110000001001100
52	1	10.134067	1011000001100111011101011010011111100000111111001011
52	1	17.225710	1101110101101011110000101000110100010111010100010001
52	1	15.752601	0010000010001110101011101101110101001000111110010001
52	1	12.118633	0000100011100110111111111111001000110110010101111111
52	1	4.060615	1000100111011000110010110011010110011011011110110111
52	1	16.204991	0011011001100001101010101001010100011101000000000110
52	1	16.591157	1001100100110011101001000101110000000001110001001100
52	1	15.268321	1101100110100111010011000010001000010100000110100010
52	1	17.877478	1110001011100010101111110010000111110001011011000001
52	1	8.405482	1101111001010000100001100110110001010001110110010011
52	1	8.191948	0101001110110011110001000111010100110111110110000011
52	1	12.436671	1111111110000000011100001010100100011000101101101000
52	1	9.851506	0110100110000101110100000010101010000111010111000010
52	1	20.225375	1110100101010111011101000100001111000111001000111000
52	1	17.457610	0110000110101111110011111010001101010100000110111101
53	1	18.368220	01011000111111110011000110100101101111001010110000111
53	1	11.686180	10100000011010110100011100010110110010111000011101011
53	1	3.942082	10011100001110110000100101110110011011111011101111001
53	1	22.331680	11000100111110000011101011001111010110000110111100010
53	1	15.183906	10011101110001101111111001011110110110101101110100101
53	1	25.273627	11011011110110001111101111001110000111000100011110110
53	1	12.899313	01010000110111011110000100101111000111010000101111001
53	1	21.491633	10011011000001000000110111001011101000111100101001010
53	1	32.544942	10011110100110000111101000100100011101000010010000001
53	1	36.415767	01010101100101101111001101001110100111101010000000100
53	1	4.439608	00111100001001000111001100101101101110101011101101011
53	1	29.536326	01101011010001100011111101111101010111010110000010100
53	1	14.601246	00111010000110010100111110110110110011001110110110010
53	1	24.353758	01110000110001111100010011100000110100001101110001011
53	1	30.178895	11110101001001110111100111110100110101001101010000011
53	1	16.070026	11100111011111000100000000011010101100100001101100101
53	1	23.951232	10101111001001001010101000000000110010111101010011000
53	1	22.706902	01001010100111011000100000001011001001100110111010000
53	1	9.887042	01001100000100100110100000110000100010011111011110100
53	1	10.017942	01011111110011100111011001100111000010111111111111110
54	1	33.997128	101110011010110000100111101101101010010111010110100000
54	1	28.739067	011101011010100001100110000100100101001010010000110000
54	1	37.760015	110011000010010010011011111110001101010011101000010110
54	1	33.918312	001101010010001100011100111010101111001001010001101100
54	1	36.827184	111011101010000110110111010000010000111001011010101010
54	1	39.897215	010111001111101000101110110010111010110010011010000010
54	1	8.134939	101010001001011010101100100110101011111111100010011110
54	1	25.544989	000001010110101010010110001001000111111100101001000101
54	1	17.864350	010100001111110001100010110011101010100011001101011011
54	1	7.669630	101000001000000010110000011110110011001110111000110101
54	1	25.280589	011001110101111110001011100101111011110110000101011100
54	1	24.548680	101000101101111110001000010111010010001110001001101010
54	1	27.368124	100010101000110001100010010010101010110001011001000100
54	1	21.427239	111010001111111111000000100010100100011011011100011100
54	1	34.366429	101110010111011011101011011111101110100110001110100001
54	1	22.569105	101101000000000111000110101111011010010010010110010110
54	1	50.158916	001011111111011010101111111100011001010010100100010001
54	1	21.443035	111011010100000010001001110010100110111010010000101011
54	1	27.090558	010000101001010010011101001101100011101100001010111000
54	1	45.037254	000110111110010100110101111011011011000000000101101100
55	1	68.753649	1011001101111111101000001010010000101000011101001111000
55	1	61.275479	0010001111000110011101101000110100011110000100011010100
55	1	62.350077	0110011011010111110010011110001011001110011100000001111
55	1	67.667503	1011011111001111100001000110000100010100110001001001001
55	1	75.731129	0010011111111101110101011001101000000010000101010000110
55	1	64.910192	1101111110110111000010011001000011001011011000000010010
55	1	64.709047	1111001001010111010110000100100100000100000000000001110
55	1	73.032950	0100000101111110101111011001101001100101000101110000100
55	1	30.479698	0010100000110000001100100000110100111011100100000101011
55	1	51.082136	0011001001001010110001000011100100010000011101110101000
55	1	5.692237	0101100110000001111000010011011111101111010101110101011
55	1	55.147344	1111000010111110110001011000011101001011010001110001001
55	1	34.920874	0101101010110110110011111100111111001110011001101010110
55	1	55.579193	0100001100000000101101101100001110110100100010101100010
55	1	68.373844	1111101111111111000010111000010011000011001000011010011
55	1	7.559413	0100110010100000110110000000101111000011011101101111001
55	1	12.354852	0111101111001010100110100101000100011111010101011111111
55	1	55.166795	0100111010011011000111100000010101100000001010000111011
55	1	69.419800	1000001101100010111101111100001001011011110010001000011
55	1	38.125530	1100100101001011000010011100110101001001100110100111010
56	1	49.721910	11110001010110101101100001010100001011010011100111011010
56	1	105.722038	01110110111110101010110101111000001000011001100000110011
56	1	47.626577	11101100111110011101011001000101100110110101110101101010
56	1	90.252895	01101000100101111111000110010001110001001100010011000110
56	1	75.697118	01101100100011001010010111110011100111100101000011100011
56	1	79.905441	11000100011111011101100101001000010111010001000011010011
56	1	75.135035	01111010111111000101111000111001111111111000011011000000
56	1	36.752453	11000010100101101100001101011111100100111001111100110100
56	1	30.819163	10000010111001110100000010111101001001000101101111011101
56	1	57.872811	11100101100101110100100110100001010011111110110101000001
56	1	30.968623	00000101010010010000110011000111011011100010110100101010
56	1	72.852039	10011010110110100010011101000101011001100011010001010010
56	1	76.446884	01000011101110100011111110010000110011100110101100011011
56	1	59.684012	11011110001000111000001001111000101101111001110010000001
56	1	61.212332	11100101111100001111011000100010111010100000101001111110
56	1	32.455483	00011111000001000010010100111100011110101010000110111001
56	1	87.102962	01000011100111110111111011000010101101011010100110001101
56	1	23.973435	00100101010011001001111100001001111101100101111001101011
56	1	62.011293	01011011000011110000011100011000110001110000001101001110
56	1	75.725774	00100001111011100100001001110010110000110110000110001101
57	1	71.102336	100110101110100111001111111111101011111010100001110110101
57	1	98.539246	111010101110110001010101000110100100011111000101110001010
57	1	139.139481	010010011000101100101010001100000110101100000101100100000
57	1	111.226165	100110111010110111111011111001011110010000011110010111001
57	1	117.876933	001011110011111001101010100010110101100001111111100000000
57	1	96.955503	010111101100110110011111011111000101111101001011001001011
57	1	105.341177	100011110101010010110001000001011100001111001100101000010
57	1	93.863938	101000111111001111001000100010011100110001010111001100001
57	1	39.675547	101010110101010101111000010100111000011111010101111110110
57	1	75.534566	101110010001100100111011000010011000001011011000010111110
57	1	96.801296	111100010001011101011110100110111000010101101000110100111
57	1	90.984261	000101101001100111100000001000010000010001010101101110011
57	1	88.903783	001011110010100011101000011011000100110001100110011001101
57	1	25.202313	010010010111001001000010101001011110000101100011110110111
57	1	55.060331	100011000011010110010000001011100111110010101011100011000
57	1	53.390391	000111011110100111101101100111000110111011111001011101101
57	1	99.659930	101001110111010110011101101011110000011000101101100101101
57	1	62.601801	101111111001001010011100101101111111110010011100110011010
57	1	30.388766	111110100010010001000000010011110110101100101010011001110
57	1	111.784517	100100000001000010110011101010100111011000000111011100000
58	1	108.051292	1100010101000100100110110100010101010010100100001011101001
58	1	96.643763	1011000010011001000010011001101101100001111001111100010010
58	1	115.204693	1101101101111000010110001010000100111110100100001011001001
58	1	111.785437	0011101011101010000011011100100011000010110100111111011100
58	1	112.764516	0010100101100011110001110011010011011001101011000111111000
58	1	183.773087	1001110001101110110110100101000010011010001010001010101010
58	1	135.393849	1010000010000011110110010001101010110000101101001110001010
58	1	36.579054	1000000011001100101001001110011111011011110100100100111011
58	1	19.921230	0001010110110001000000001000100100110010101111111110110001
58	1	30.600257	1110001100000101000000100110011100011111010100110111000101
58	1	183.431385	1101010011011011111101000111111010100011000111001101000110
58	1	70.208667	1000100100001001111001001010011011110100110101100101100010
58	1	172.499795	0110110001111110101111000000110000101100010011000100100101
58	1	107.192285	1011111010010100100000100010001000110100101110000011010001
58	1	134.152746	0010011111001000010011011011001111000011000101101001101001
58	1	174.483879	0010111110010100011101010110100010001110110011010101000110
58	1	178.434017	0011001111001111010101011100101010110011111000001111000001
58	1	178.451023	1000101001010110110001011110100111101000111100011110100000
58	1	129.578337	1100101111110101111000010101110101101000101101101101101010
58	1	129.944342	1000100011010011001110111010111100010110111010100100110101
59	1	217.909995	00100111111100111000001110000100101000100000111001110100110
59	1	109.548422	11011110111001101000101010010010011110110100110101101011010
59	1	46.247496	11011001010110010010110000001001011011011110100100101111101
59	1	122.925443	01010111101010000110110101010011101011000110111000101110011
59	1	145.097991	10110010111111100000100111100111100100111100111100101001100
59	1	110.408273	00111000101010110111000110011010100110101101111010010101111
59	1	193.911075	11110001011011110010111111001000011111101000001100011101111
59	1	229.169252	11001011111001101001010101110111010000001111101110000001011
59	1	111.322223	00100110100101111100010100100101110111000111100101010001011
59	1	140.350963	00010101100101000001011100110011110000110101011001111011000
59	1	331.196387	00001010011111111111011100101001111010010000110101001001100
59	1	161.223407	00110111000100111010000010111111111011101100100000001011110
59	1	33.248327	11010000000101001000101001000111110101011101010101111001100
59	1	227.632113	01110010001101101011100001010101011100100010001011010011100
59	1	191.081843	01110100100010011011101110011000111011000101111000111101010
59	1	140.507106	00100100101000101100010001100111110110110000101011010000101
59	1	163.823206	00011111101110101000111101011101101111100011111001100101100
59	1	60.191849	10001100001011011101110000100110100010011100010111101111110
59	1	97.201731	00111111110101011111110100000000110111100111001111111110010
59	1	77.890744	00100100001110110101010111000101101011101110011101110101100
60	1	263.230171	101110100101001100110011010100001110001000100101101101100011
60	1	178.220427	001111001011111011000000011001010111011000011010100010111011
60	1	131.381890	010000011111010011111010000100011011101000110011110011011101
60	1	342.337592	111101001001100000101111001010100001011100010000011010101010
60	1	465.917754	111111110111011000011001111111011000111001110000011111100000
60	1	418.274164	111100100000101011110111010011011001000100100000110100111011
60	1	405.416398	001001011110011011001001000111111001100011000111001000110000
60	1	162.821829	000010100110100110100111010010100011100011001100101101011111
60	1	387.808204	001000000011110111101101100110100000101010100111110001101010
60	1	164.116871	011010101010010001101100000110000100101011010110100111110010
60	1	284.414239	101101010011001010001111001100100111110110010110000100101001
60	1	329.452191	100111111011010101010101000101000010101110111110000101101000
60	1	190.934393	110100101111111111110000001001101111010111111100000101101011
60	1	367.287340	100100101011011010100011110110100100110001000011011100111001
60	1	349.222237	100001110100010001110001111010011111010000100010010100111100
60	1	427.619199	111100001111111011011001010110110011001001010011101011001000
60	1	43.692587	010111110010011000001000011100111000101001110110110111101101
60	1	474.280763	011011100101101111101101011100111010000110001100110000000010
60	1	250.834440	101111101110101000100111111000110110101100101100001011110101
60	1	149.682612	010001100001000110011011100000111110110101011001010110001010
61	1	82.638562	1010100001000001110100101000000110110010001010110111110001111
61	1	273.116454	0011010000100100011110101100101111010100001111000001100011111
61	1	109.250592	0111010110100010101000000001111010111000101110111110010101101
61	1	253.683675	0100101000010111101001111001111111010111101111110011110000110
61	1	648.075639	0000110001011110010010001111000111000100000000000110100010010
61	1	308.258126	1010001110100110100101010111001110011100101000101111001010110
61	1	306.687121	1111100001001010010101110110010100101100110001111010101111001
61	1	369.720288	1010100101000001101100111000000110011001110011000100101001110
61	1	145.145826	0111101110011101000001001100011111000100011111100110011111010
61	1	743.569326	1010100011010111000011011110111101001100001110000110101000100
61	1	299.122364	1000111101100101110101000100110100011011100111000010101110111
61	1	190.687956	0110000001100001110101011100110101111010010111010000111111111
61	1	664.361691	1000011111010001000011110011100110110010000000001101001101001
61	1	564.535234	1001001100010001101101101010011011101001000001101100011110000
61	1	197.028199	0110001010001101001111001000011001111001110011101010011100011
61	1	612.579662	0011001010010110000110100101101111100011001000100100000001101
61	1	229.011192	1111111101110000011101000101001111111101110111100010001001100
61	1	353.680338	0011111011110101101011111110000010011100100001000111111111110
61	1	480.644186	1010110011011111010011011001000100010110101110011001000111010
61	1	544.944136	0011010101010100101111001011100000110110111100000111101100100
62	1	208.381611	10100000010011000011001010000001000100100101011010111110000111
62	1	561.495255	10000001100000011110010010010100011010001100000000011111000110
62	1	605.507607	00110000010111110110101000000010010110010001111101001100001000
62	1	901.525092	11101111100110000110110111010010101011100001000110111100000001
62	1	863.278238	00001110010101010110011001101011000110001101000010110000010110
62	1	343.147810	00100011011111000000000101110000000110101001110110100010100111
62	1	585.469860	11100100011010010111100011000011010100101000100101001011110001
62	1	537.228535	01111011000000110100001110011111110001101010100011100001100111
62	1	335.797318	01001000001111001011010100101011101010100101110010000101111111
62	1	365.667015	11111001001001110101000110111000101100011110110101111101000101
62	1	588.630159	01001010010100100010110110111101101101100110101111010100101000
62	1	524.179619	01101011001110000010101001000000101011010011000101100010001100
62	1	444.358912	10011100001010101111011001100110101111001010100010111111011011
62	1	531.051459	00110011100000110110101111100000010000100111001100001111111010
62	1	412.457402	01011010000011001101100100100000101010010110000001011001011011
62	1	1005.082195	11011010001011011011011011110111101010100011111011010000000100
62	1	412.947904	01110100000111000111000000101011000001100001100010011101011011
62	1	565.696233	00100011001010111101111011110001000001101111111110010111100010
62	1	309.620241	01001111101100000110010101100110111111110011110011101010110011
62	1	616.519522	11110100110100011110000111010011111101000110000001110110100011
63	1	1054.269372	110010010010000011111010100100110011100000101111101001000001101
63	1	690.040998	110110111101000101000110001110101100110000101011100111011100110
63	1	843.334703	100011010001101010111011001000100110001110110111000000001101111
63	1	1031.124391	011001110100011111011001111001011100101111100111110010101000100
63	1	629.411132	101101110000101111010101010111010010010011111011110111001000111
63	1	176.598511	001001011000100110010010101100101101110010011111011111011111101
63	1	1092.831608	110001111000001111011001010101001001100000000001110100011110111
63	1	1499.696017	110101110101101110010011101111101000101001001110000010011110011
63	1	520.196613	111000001100110110000000110110100101110101110100101110101110001
63	1	1293.202067	100011001001010111010011010010010110000010000001111100010011010
63	1	700.941080	110110000110001100000011101110000011001111001111011101100000110
63	1	1168.992541	001100101110100000001110001110101110000110010101100001011101010
63	1	631.550612	101110000011001010100111101010111001111001110111110011110001001
63	1	1793.544480	010011001101011110010010000111110100111000110001101001000010010
63	1	1657.818739	001001111111110001011100001010101010101101000000010111011001100
63	1	1483.598464	001000000010110100010010101010101011100000010100111001001101000
63	1	1734.043254	101110101011010101011101011001010101110010011010011000110001000
63	1	1347.701751	100001001111011100011000110010000010001011000001111010001100001
63	1	1022.757739	011100110101110111111111101100100101100101101101000110111101100
63	1	1070.236259	111111110111011011001111001111000000110001101001101101111111000
64	1	823.919652	0000000010010001100100101101010010111110111010001001101001001001
64	1	1780.929398	0100011010111011010001010000110111001001101000010001000100000111
64	1	2183.651129	1111101111111010101100111111010011111011100011011000101110010000
64	1	1658.540994	1110100001010010101111010100010100010100011001101111010000100101
64	1	2244.100956	0011001001011001000101011111110110011011100011011010010110001000
64	1	794.204681	1000000100110010001000001101000111000000010101011101000111101100
64	1	812.437492	1101111010001101000100100001110011010110010010100000001101101111
64	1	2002.608764	1010001001101110001100000111110111111010100100000000000010010101
64	1	1579.898102	1000110100011100011100001110010111101001101001001100111000100010
64	1	1036.139662	1001001000001010000010010010010001010110100011000011101100011000
64	1	761.380232	0101100010101001010110001100110000000001011010111000010111111011
64	1	1118.323583	1000111101101001000100111001100111101110010010001000010110101111
64	1	1758.221693	1101010011010000110110011001001100000010110010111100100100100101
64	1	244.690501	1001100000101010000000101110001001001110011110101111000101011110
64	1	2530.766564	0111111100100110011111011111100000010000100011100010101001101000
64	1	843.105698	1000110101100011010110001110100100111110111001111101011001100101
64	1	1363.318890	1100001100110011010100100111001111101100100001010101101110110001
64	1	1553.434017	1011010101100000111111101000101111011100011000100011011111000011
64	1	224.018441	0101101101010110010000010000101011000010011111010010011110101111
64	1	2074.930225	0110001110101010001101011110101110011101110010011000111001011000
