n	retval	time	result
10	1	0.000013	0011101001
10	1	0.000004	0100111001
10	1	0.000004	1101010101
10	1	0.000004	1100000000
10	1	0.000004	0100000101
10	1	0.000004	0111110010
10	1	0.000004	0001110011
10	1	0.000004	1111101111
10	1	0.000004	0011010011
10	1	0.000003	1000011010
10	1	0.000003	1010111111
10	1	0.000003	1001000011
10	1	0.000003	0100011000
10	1	0.000003	1101001100
10	1	0.000003	0010011100
10	1	0.000003	1011010001
10	1	0.000003	0111110010
10	1	0.000003	0010110010
10	1	0.000003	1101101001
10	1	0.000003	0011101001
11	1	0.000007	10001010110
11	1	0.000005	11110011101
11	1	0.000005	01110110101
11	1	0.000005	10001000010
11	1	0.000005	01011001010
11	1	0.000005	01010010000
11	1	0.000005	00010011111
11	1	0.000005	10110110001
11	1	0.000005	01000000111
11	1	0.000005	11111010111
11	1	0.000005	01010111111
11	1	0.000005	10110000101
11	1	0.000005	10001110110
11	1	0.000005	01110000110
11	1	0.000005	01000000111
11	1	0.000005	11101000001
11	1	0.000005	11001110001
11	1	0.000005	11011100110
11	1	0.000005	10001011110
11	1	0.000005	10101011010
12	1	0.000008	100011111001
12	1	0.000007	001010010101
12	1	0.000007	001011010100
12	1	0.000007	101100000001
12	1	0.000007	111101100000
12	1	0.000007	101100110111
12	1	0.000007	100101100011
12	1	0.000007	100011000100
12	1	0.000007	111101110010
12	1	0.000007	000001011101
12	1	0.000007	001110001010
12	1	0.000007	010011101010
12	1	0.000007	101111101000
12	1	0.000007	001110000010
12	1	0.000007	101101111011
12	1	0.000007	001011000110
12	1	0.000007	011111000100
12	1	0.000007	010001010001
12	1	0.000007	011110100011
12	1	0.000007	111010001100
13	1	0.000014	1000101011000
13	1	0.000011	0000110011101
13	1	0.000023	1110011011000
13	1	0.000011	0011000001111
13	1	0.000011	0001001001001
13	1	0.000011	0101101000110
13	1	0.000011	1111000010101
13	1	0.000011	0001100101111
13	1	0.000011	0011101010000
13	1	0.000011	1101000100111
13	1	0.000011	0101110101101
13	1	0.000011	1110101011111
13	1	0.000011	0011001111101
13	1	0.000011	0000101110011
13	1	0.000011	1100000100101
13	1	0.000011	0011011001001
13	1	0.000011	1010010010011
13	1	0.000011	1100011010010
13	1	0.000011	1111110011100
13	1	0.000011	0100110111001
14	1	0.000018	01101110100010
14	1	0.000015	01010011100100
14	1	0.000015	10100100110110
14	1	0.000015	11000110100001
14	1	0.000015	01010011001101
14	1	0.000015	10101111111010
14	1	0.000015	11100100110000
14	1	0.000015	11111100001000
14	1	0.000015	01110111110110
14	1	0.000015	10100010100100
14	1	0.000015	01111110111010
14	1	0.000015	00011101111101
14	1	0.000015	01101101110110
14	1	0.000015	00010111111101
14	1	0.000015	01110110001101
14	1	0.000015	10001001111000
14	1	0.000015	11100010000011
14	1	0.000015	00000101001111
14	1	0.000015	00101000001011
14	1	0.000015	11011000011101
15	1	0.000030	000101011111111
15	1	0.000026	011101111111011
15	1	0.000027	100011010000011
15	1	0.000026	110000000011001
15	1	0.000026	010001110100011
15	1	0.000026	110001110010111
15	1	0.000026	001000110111011
15	1	0.000026	000110101110110
15	1	0.000026	110111011100100
15	1	0.000026	001110010111110
15	1	0.000026	100010101101110
15	1	0.000026	100011100110111
15	1	0.000026	011111101111100
15	1	0.000026	001001110011010
15	1	0.000032	101010111000111
15	1	0.000027	111111000000001
15	1	0.000026	100011001110110
15	1	0.000026	000001001011000
15	1	0.000026	000011111010000
15	1	0.000026	011111011101011
16	1	0.000040	1010011000100001
16	1	0.000036	1101101110111111
16	1	0.000036	1111110111100001
16	1	0.000035	1100011001100101
16	1	0.000035	0001000000100111
16	1	0.000036	1010111001010100
16	1	0.000035	1000011010010000
16	1	0.000036	0111010100110110
16	1	0.000035	0100001101011011
16	1	0.000035	1011000010110010
16	1	0.000035	1110000010011000
16	1	0.000036	1011100110000111
16	1	0.000036	1100110101000101
16	1	0.000036	1010111011100001
16	1	0.000035	0000101000000000
16	1	0.000036	1100111010001100
16	1	0.000036	1000100100000010
16	1	0.000036	0111100100101000
16	1	0.000036	0011011111110100
16	1	0.000036	0101011100101101
17	1	0.000065	11100010001100001
17	1	0.000071	00111001101000110
17	1	0.000059	10010011111011010
17	1	0.000058	00100000011101101
17	1	0.000058	00101001010000111
17	1	0.000058	00000100000010110
17	1	0.000082	11011100000000100
17	1	0.000059	11100110111010101
17	1	0.000059	01101010101110001
17	1	0.000058	11000010101111000
17	1	0.000059	01111010110000001
17	1	0.000058	10100110111000111
17	1	0.000058	00100000010000000
17	1	0.000058	11100000010101001
17	1	0.000058	10000001000010100
17	1	0.000057	10010010011010111
17	1	0.000065	00000111001011000
17	1	0.000058	00110001111010000
17	1	0.000059	01111001001100000
17	1	0.000057	00100000101100001
18	1	0.000088	111110100110101101
18	1	0.000083	010110000111001110
18	1	0.000083	101101000000000010
18	1	0.000083	110011010111100010
18	1	0.000084	001101111101010000
18	1	0.000082	101010100111101111
18	1	0.000082	101110010110101111
18	1	0.000082	000001110010110111
18	1	0.000091	101001111110010110
18	1	0.000083	001011011101010100
18	1	0.000082	100101011101001111
18	1	0.000082	101000101000110000
18	1	0.000083	000100111001100001
18	1	0.000082	100101000100110000
18	1	0.000082	001001001000000011
18	1	0.000083	001001011111001100
18	1	0.000082	101011010011100011
18	1	0.000082	000001010100101110
18	1	0.000082	010001111111101010
18	1	0.000082	100100110111101001
19	1	0.000158	0000011100100001011
19	1	0.000137	0111110010111110110
19	1	0.000137	1100011010110111100
19	1	0.000135	1001000100110011011
19	1	0.000136	0111000010011000110
19	1	0.000135	1011000110011111101
19	1	0.000134	0110001100111111110
19	1	0.000146	1101001111010010011
19	1	0.000135	1101001110110101101
19	1	0.000136	1101100100010110010
19	1	0.000134	0000000101011001101
19	1	0.000134	0000100010100100110
19	1	0.000135	0001110101000111110
19	1	0.000134	1111011011111110101
19	1	0.000142	0011010101110000111
19	1	0.000135	1011101000110011011
19	1	0.000136	0111110011110101001
19	1	0.000135	1001010100000000000
19	1	0.000136	1011110011000010100
19	1	0.000135	1001100010011000011
20	1	0.000213	00111011011100101000
20	1	0.000180	00001000111010101111
20	1	0.000180	01011100111001111010
20	1	0.000181	01110101110010111100
20	1	0.000177	00001000001110111011
20	1	0.000178	10100000010110110101
20	1	0.000185	10111100010100111101
20	1	0.000179	11000010011001110001
20	1	0.000179	00111010101001110001
20	1	0.000214	10110110000100001011
20	1	0.000212	00100111000000001111
20	1	0.000236	01001110010111111010
20	1	0.000180	11100100001000011110
20	1	0.000180	10001010101011011010
20	1	0.000180	10101100011100100111
20	1	0.000181	00100100010010110001
20	1	0.000205	01100011101010110010
20	1	0.000181	00010101111000111011
20	1	0.000182	00101011110100101000
20	1	0.000182	00011110101011111000
21	1	0.000358	000111001010010111011
21	1	0.000313	111011111111011101111
21	1	0.000315	011100110100101100101
21	1	0.000326	111101011110011010000
21	1	0.000314	001011111000100000111
21	1	0.000312	000110001111001100001
21	1	0.000320	010010111111001101101
21	1	0.000328	001001101001001100010
21	1	0.000311	110010101010110101110
21	1	0.000316	010110011011111011101
21	1	0.000315	010101011110101101000
21	1	0.000314	100111010011000110011
21	1	0.000320	110100111111101100011
21	1	0.000313	101001100110001101000
21	1	0.000312	111111001001011110001
21	1	0.000316	001000100001110110110
21	1	0.000315	000101011100001000000
21	1	0.000309	000101010001000110110
21	1	0.000309	010011000110110101111
21	1	0.000318	000000110011000000111
22	1	0.000444	0010001110011101111110
22	1	0.000435	1110110101110100101100
22	1	0.000423	1000011110001000110010
22	1	0.000429	1110011110011110011010
22	1	0.000425	0011011111011010101001
22	1	0.000420	0110110000111010111001
22	1	0.000427	1110100001000011010001
22	1	0.000419	1111000110100110101111
22	1	0.000433	1000111101111101001000
22	1	0.000440	0100010101001000010010
22	1	0.000430	0101001101011011001010
22	1	0.000423	0011110011100101101110
22	1	0.000462	0110010011111001000011
22	1	0.000419	0010001100000110101110
22	1	0.000425	0010110110110000010110
22	1	0.000430	1110100110001011100000
22	1	0.000418	0010010100000101111110
22	1	0.000440	0010110100000011100101
22	1	0.000419	0001100000100101010011
22	1	0.000429	0111100100100001010001
23	1	0.000752	01111010001111011101001
23	1	0.000716	00000000111100110011101
23	1	0.000722	11111011011001011100001
23	1	0.000746	01110010010010000111011
23	1	0.000704	01101000010100110100011
23	1	0.000753	01100111110100000000000
23	1	0.000748	01011011101100010011011
23	1	0.000725	00010101000000001110000
23	1	0.000713	10111011101110010100010
23	1	0.000718	10110110101010000001001
23	1	0.000725	10000101100100100011010
23	1	0.000721	00101011011011001011000
23	1	0.000708	00111101100001101000100
23	1	0.000712	00100100110101001011110
23	1	0.000718	10001011101010010110010
23	1	0.000714	11100010011110011000111
23	1	0.000705	00010101100101011001000
23	1	0.000734	01001001100100010110011
23	1	0.000719	10001010111000111010100
23	1	0.000707	10000100110111111101101
24	1	0.001000	011111100001100001100011
24	1	0.000996	010000100010000101100100
24	1	0.000991	010101111100001100101101
24	1	0.000997	000111100101010011110101
24	1	0.000994	000010010110010110000000
24	1	0.000990	101100101001000111011000
24	1	0.000991	110010111100111011000100
24	1	0.000998	010101010001001001101101
24	1	0.001065	100101010100101111101010
24	1	0.001014	010100011001100101011101
24	1	0.001000	101101011101001101001100
24	1	0.000992	010111100011101010010101
24	1	0.001007	100001100100101100110100
24	1	0.001012	111010101111011010010101
24	1	0.000994	110001110110011000010110
24	1	0.000987	000001110001011101011101
24	1	0.000991	110111001001000011101010
24	1	0.000985	101110011000100101000001
24	1	0.001009	101110111011001101000001
24	1	0.000985	011111100000000101010010
25	1	0.001667	1001100111010000001110110
25	1	0.001619	0110010001110101101101100
25	1	0.001632	1101000100111010111111110
25	1	0.001647	1001010001101110000101100
25	1	0.001616	1111010101000101111110000
25	1	0.001774	0011110100101010001111111
25	1	0.001620	1111100000001001010000001
25	1	0.001640	1101010110001001101010111
25	1	0.001617	0111000011110101110101011
25	1	0.001621	1110110000010111110110110
25	1	0.001636	1110000101010101110011001
25	1	0.001620	0011011001111101101001011
25	1	0.001636	1100101001100001111001111
25	1	0.001690	1110010011011001001111110
25	1	0.001629	1111011001000001100001000
25	1	0.001649	1111101000010111001110010
25	1	0.001629	0100100000111001100100000
25	1	0.001617	1100000111001000011001101
25	1	0.001789	1010110101110111010001100
25	1	0.002101	1010001010101100110010011
26	1	0.002261	00011101100111011110110001
26	1	0.002268	11000111000110111100100100
26	1	0.002221	10010101101001111101101110
26	1	0.002288	10110100111110001001100000
26	1	0.002249	00111110010101011011000001
26	1	0.002268	00110011111001101100000100
26	1	0.002276	10001110101110010001011100
26	1	0.002259	11010001000010100000101000
26	1	0.002399	10010110101110000111000111
26	1	0.002263	11001011101111111000010110
26	1	0.002236	11001000100010011000011110
26	1	0.002278	11100000111010010111010101
26	1	0.002246	00011001100001110111010011
26	1	0.002222	00010010100010110101111100
26	1	0.002241	00101100001000011001010011
26	1	0.002251	10001111101011111101010101
26	1	0.002278	00100111000110101010011001
26	1	0.002245	00010000011100111001101011
26	1	0.002226	10000000100010000001000011
26	1	0.006253	10000111000100111101110110
27	1	0.003710	101100000010110011100000101
27	1	0.003542	111101111000000000100010100
27	1	0.003644	111000111000000011110111011
27	1	0.003629	011000100110001100000000101
27	1	0.003553	100110110011101011111111010
27	1	0.003609	010011010010000100110101011
27	1	0.003583	011100000101001110001000100
27	1	0.003596	000001100111011010101000100
27	1	0.003625	101011001001110010011101100
27	1	0.003603	000011101011000010011110010
27	1	0.003590	001101101111111110101011010
27	1	0.003899	000101011011100101101000101
27	1	0.003698	001011001001110111010000111
27	1	0.003626	000101111101000010000010000
27	1	0.003609	000000010011100111111010100
27	1	0.003589	100110100100101101100110110
27	1	0.003605	011101000010000111010101011
27	1	0.003622	000110000111110001010001100
27	1	0.003629	011100011010111100101101000
27	1	0.003614	100000010000001001001110010
28	1	0.004821	1111101001001110000011000111
28	1	0.004783	1110000000111001101100110010
28	1	0.004788	0111110101010000101010110100
28	1	0.004819	0111011001111000101010111011
28	1	0.004910	0110001000011010010011100010
28	1	0.004824	1110011101010011011001100110
28	1	0.004748	1111000010001010000101100100
28	1	0.004826	1101011100011101101000110001
28	1	0.004805	1000110101001011101011110000
28	1	0.004917	0101111011111010110001111110
28	1	0.004776	1001111010001010110110010110
28	1	0.004824	0111111110111001010011010111
28	1	0.004817	1010110110111101001010100001
28	1	0.004798	0101101001111010010100101101
28	1	0.004777	1001100100001110010101010100
28	1	0.004804	1011101001110000000000110001
28	1	0.004778	0000000010100000010100100011
28	1	0.004811	0101011111101111100110111000
28	1	0.004762	0011001000100110000011001111
28	1	0.004785	0110101011000100001101010001
29	1	0.008296	10000010100110110011101010000
29	1	0.008176	10000001001010110110101100100
29	1	0.007971	01010000001000000111000100100
29	1	0.007955	11011110011010000010010001110
29	1	0.007928	01010110111101011100001011111
29	1	0.007900	10011001100011110011101101000
29	1	0.007928	01001000100110010101101010100
29	1	0.007941	11100110101011001001100100000
29	1	0.008039	01110100011111010111110000010
29	1	0.007974	01101011111100100001000000101
29	1	0.007901	11001011100010101100110011101
29	1	0.008045	00001000111111101101000001100
29	1	0.007889	10111100100011011011011111101
29	1	0.007932	10111001000110100100010011010
29	1	0.007923	00110100000110000000010110100
29	1	0.007874	11100111010001110101110111011
29	1	0.007910	00111001011101010101010011111
29	1	0.007921	10011101011011010001001001000
29	1	0.007910	00100010110100001011000100100
29	1	0.008008	11101010011010100000010000110
30	1	0.010864	111110001101101101110000101101
30	1	0.010785	011111001010001010101000111100
30	1	0.011102	100101110011101000010110101001
30	1	0.010805	010101101101001000101111100011
30	1	0.010656	000100101100001111100110010010
30	1	0.010624	100111010000001000110010000101
30	1	0.010660	100100110111110010110001110011
30	1	0.010649	100010101110100011101001011100
30	1	0.010656	010100010010001000101001100001
30	1	0.010642	110100011000010111011000000000
30	1	0.010752	010011110111001110000001110010
30	1	0.010717	110100100100011101011100100110
30	1	0.010676	100100011001110101101000001100
30	1	0.010703	010001110100001001111111001100
30	1	0.010635	011101110001000111110011011110
30	1	0.014438	000110010000011111110111110010
30	1	0.017187	111100101010000011010011010101
30	1	0.015782	110001001101000001111101000100
30	1	0.016549	010011001110111010110011010101
30	1	0.015297	011101001111001101010001100100
31	1	0.021907	0101101011001110111011101110110
31	1	0.022303	0011101111011101000010001001100
31	1	0.020892	0010101011100100011010111010000
31	1	0.020142	1100000010000100010100010101100
31	1	0.020100	1111010011010111111001001000001
31	1	0.022184	0001001100000011111011011110110
31	1	0.024204	0100000101100110111010000111001
31	1	0.022549	1100010110100110000001111001101
31	1	0.020007	1111011011100001101011011001101
31	1	0.020817	0100010101100111010111011011111
31	1	0.019456	1011010100000011110011011100111
31	1	0.021489	0010111111100011010100001011001
31	1	0.020474	1001001100100101000111001001110
31	1	0.022392	0011110101011011100000111010001
31	1	0.019966	1000010010011101001000010110101
31	1	0.020814	0001011111000000010101110001011
31	1	0.023344	0010011000110100011000100111101
31	1	0.020906	1011101111100100011100000011110
31	1	0.019503	0111001011110101101011101100000
31	1	0.022137	1110000000111100000000011011101
32	1	0.031909	01010010101101110100000100011000
32	1	0.026632	10011001001100010100100001000100
32	1	0.025084	00110101011111101110110110111100
32	1	0.024433	10011010111100100101001100000010
32	1	0.027573	01011100111010101011010110001011
32	1	0.029055	10000010101111001011110101101110
32	1	0.029191	11001001011110011101110100111101
32	1	0.028197	01000001100010011000111001001000
32	1	0.031778	00100001101011010011111111001111
32	1	0.028429	00011111001010111001110110000001
32	1	0.030088	01100010011100000101110100010110
32	1	0.026252	10001100011101110100001100100001
32	1	0.025221	11000000111010010110101000110010
32	1	0.024907	10011110111100011011010011000111
32	1	0.024889	11011011111010110000000110111010
32	1	0.024518	10101011110100010111010110111000
32	1	0.026047	01111001011010101110110011100111
32	1	0.025604	00110011010001100100111100011110
32	1	0.026264	00000011110010011010001111100000
32	1	0.027411	00000110110001111111101110010110
33	1	0.052181	011100110101100101001010010000011
33	1	0.046139	100100101011111110110010100100000
33	1	0.046613	011011001110000010100101101111000
33	1	0.040772	010010101101110010100110011110000
33	1	0.043954	010101111000101000001000000000101
33	1	0.045528	010011011011101110110100110110110
33	1	0.039189	001010110111111101101100010101101
33	1	0.039586	111110100011001011011010111111010
33	1	0.038034	101100111001110010100001101111101
33	1	0.039553	110010000001011010010000011011110
33	1	0.039228	110001100101111010011111110011011
33	1	0.040120	111101011010110001011000001101000
33	1	0.040584	011011100011100101001100001011101
33	1	0.038327	101110010011111111011100000001010
33	1	0.037765	010000111111110001101111010111001
33	1	0.037081	101011011100110000111001111010101
33	1	0.036646	000001000001111001010000101110101
33	1	0.036580	010111110100011100010100111101111
33	1	0.038619	001010010100111000010011111101000
33	1	0.036487	001110000100101111100010000001110
34	1	0.051168	1100101011110010010000110101100110
34	1	0.052018	0101010001110110000011001110110111
34	1	0.051251	0101010010010001001110110000110001
34	1	0.053077	0001010010011110101110001001000100
34	1	0.062110	1101110101101011000101101100100100
34	1	0.049089	1010101111110100110010011100010110
34	1	0.049212	1110000011111110011110100011010100
34	1	0.050324	0010111000001111100000011010001110
34	1	0.050054	0001000111000001010001010100001111
34	1	0.049741	0101001011010000010010110011100110
34	1	0.053322	0101001110001111001011111001001001
34	1	0.049797	1100001100001011111111111100110000
34	1	0.052079	1001010101001000001000101100110010
34	1	0.051965	0101101101111000010110110000001001
34	1	0.049351	0110000001000011011100001100000110
34	1	0.048916	0011001110001110000011111111100110
34	1	0.049078	1111011000101000110110100011101111
34	1	0.049128	1101010100000100010001100110110101
34	1	0.048935	1011110101011000011111001101101101
34	1	0.051869	0100001100111111010000101110010011
35	1	0.088902	00101100101010000000001010000101100
35	1	0.087524	10110100101000011011100101101111001
35	1	0.088746	11010111101111000110011110101111100
35	1	0.084240	10011110110010111110011000111110011
35	1	0.084227	01011100011110100000100110100111000
35	1	0.087376	11111110110100110100111111111010110
35	1	0.088256	01110111010111000000100100001111000
35	1	0.087745	11000000010110111001001110110110001
35	1	0.083534	01110101011111100101110111001000011
35	1	0.083031	01001011111110001100000111100001111
35	1	0.084203	01001001010010110000010000000000001
35	1	0.088736	00000111010111111010100101100110011
35	1	0.084252	11111101100010111100110011011101100
35	1	0.085064	00010011100110101111001010010011110
35	1	0.083186	00000011110000110111100110110001001
35	1	0.084086	01011001000100010101001001100110101
35	1	0.085021	00010100111100100110101100100111101
35	1	0.082883	10001101100011110100110010001110010
35	1	0.092694	00010001100100110010100101111001110
35	1	0.122300	10001111010110110101001010100011110
36	1	0.158487	111000100100110101101111100111101011
36	1	0.154738	011110010100111011001001111000110100
36	1	0.160444	000110111101001110101101000110110110
36	1	0.136819	101001111101010011100011000101101000
36	1	0.127348	000110010001111111001011010010101011
36	1	0.158149	101100001001101110010111000101011000
36	1	0.159538	110001011110011101101111100100011000
36	1	0.149456	001000010100011100110101101101110111
36	1	0.147946	001000011000001000101101011110110010
36	1	0.166980	001111001100001001010110100110001010
36	1	0.134938	011010100010011010000111110110011101
36	1	0.162645	110011111101110111101101010001011110
36	1	0.130686	011100101110000110100010101011011111
36	1	0.113808	100000010000101011111111110110010110
36	1	0.113311	110101010000100001100010000000100111
36	1	0.112452	010100001100110000011100011011101111
36	1	0.113100	000011101000011011001101011111011000
36	1	0.138422	001001100100110110101100001100001011
36	1	0.114102	001110001010101001101011111000001010
36	1	0.114570	011111011110110110010010011100110100
37	1	0.198766	0100011110001111100001110000000011010
37	1	0.181074	0001010110010100011110101101011001110
37	1	0.207060	1110110100111111101111101010000111111
37	1	0.196913	1001011011000001011010011100010101000
37	1	0.200705	1010011010110010100010100011110100001
37	1	0.199499	0010011000010010101100100110000011010
37	1	0.193952	0010110100011011100100101100101101110
37	1	0.217945	1001101011111011100001001101110010101
37	1	0.195737	1001000001010101011011111110100000001
37	1	0.247271	1111001010101010100110010010100100011
37	1	0.218054	0101000101000010000001111011010110011
37	1	0.207638	1110001001101100000100001011000010110
37	1	0.209338	0011010111100100100000110000011101110
37	1	0.252505	1100000000100111101011001101111111111
37	1	0.199390	0100000100000111100010100001010110110
37	1	0.233313	0111001001100110001111100011110001010
37	1	0.245830	0101011110110110000000101100101011111
37	1	0.199720	1000010011011110010111110000011000010
37	1	0.199516	1101111111010001101111011100110100000
37	1	0.210567	0001001101010001110100101000111111111
38	1	0.295640	11010000111100011100010111110000111110
38	1	0.291562	00001000011010100000100100111100101100
38	1	0.272149	01000011111000111010111010100011110110
38	1	0.325805	10000110111001101001110000100110010111
38	1	0.311919	00001001101110100111001001100101000100
38	1	0.280847	01111110100111100011111001111011000000
38	1	0.293104	01111111001010010001001101111010001100
38	1	0.269779	00101110011101010100100000101110100001
38	1	0.286935	10110111110100001101110101000011011010
38	1	0.262071	00011110100111000110110111101010000001
38	1	0.256449	11010000010111110100110100001110100011
38	1	0.260256	01010000001100101100001111011101111111
38	1	0.296997	00101111111111101001110001000110100010
38	1	0.345383	11111001001100011000000001111110011001
38	1	0.320611	00111001101111001101100000011011001010
38	1	0.283611	11011000011000101000001010101001110100
38	1	0.307956	11101011011111001111101010100010100110
38	1	0.359148	01111001001000011110111001001101010111
38	1	0.293859	01010101000100000100110100111111001111
38	1	0.262215	10111111101000010110111110101000101001
39	1	0.492726	001110010110111110110111111101010111110
39	1	0.414101	101000110010010011000011100100011011010
39	1	0.410636	100001010011101101111101101000111010110
39	1	0.409826	100000010100001100011111011101111110110
39	1	0.410093	100111001000111110101110111110110101111
39	1	0.415381	000010110101101011110011100001111100011
39	1	0.411983	011100100101111010001001100110010100001
39	1	0.410618	110111101000011001100010000011010110001
39	1	0.410427	001100111111111101100011100000111110111
39	1	0.424050	011110110111100111110001101000010101100
39	1	0.417114	100000100110010100101010011010100001100
39	1	0.412300	011111011101100000011010000011010011010
39	1	0.411190	000100001000010100001001100011101100010
39	1	0.411956	110101010001100010001011100011101101010
39	1	0.418258	111000111000101001001000100011100010101
39	1	0.414944	110010000001111010101111101100000101111
39	1	0.426319	110110101011100101011010110110111101001
39	1	0.427798	011111100011111010101000110001110101000
39	1	0.426035	110010110101110100000000000001011111011
39	1	0.415494	110110111011000110101111011110010001001
40	1	0.574581	1110011001101101011010111000001000010111
40	1	0.572798	1101001111000110000010011111111110001110
40	1	0.565268	0001100011001111000110100011001000111111
40	1	0.567290	1101101100110011011011000111111010101100
40	1	0.573549	1010011000100110110110001110101010010010
40	1	0.578608	0001011000010001000000101000010101011110
40	1	0.592775	0001000100110110111111000111111101001001
40	1	0.580844	1011111011101110000111010110010011101011
40	1	0.567318	0100000001101100011001001011101111111111
40	1	0.591228	1110011000001011000110101011101000011100
40	1	0.578876	1010101000000001000101110110100000101100
40	1	0.569344	1100110111011010011101101010101101110010
40	1	0.560716	1100011100000010000000101101011010000000
40	1	0.572842	0011111110100001011001110100101111101110
40	1	0.571448	1110110000001001000101111001000111100110
40	1	0.563904	1001110011110011110100110111100111011000
40	1	0.590752	0000101011001100111111110010101111101101
40	1	0.567816	1111011101111001000010000111010010010011
40	1	0.592249	1110101011000000010101011110011000001110
40	1	0.572050	1001100100001101010011010100011010000110
41	1	0.903002	11000010010110011011110010111011100010011
41	1	0.885159	00001011101110011111001001001000110010101
41	1	0.898942	00100110011111100001001111110101110111100
41	1	0.889329	11101100110010000001011011000111110000100
41	1	0.895848	10000001111010011110010010110011001011010
41	1	0.896046	10011010100000000011111100001011100011011
41	1	0.900729	01100101101000011000100001001000100101001
41	1	0.879306	00011100010110010100101010111100001000001
41	1	0.908970	11110101111011101000001011111100100100101
41	1	0.894733	01110001010010110011100001011101110111101
41	1	0.916250	00010000100011101101010011001110011001001
41	1	0.895109	11011100110000001001000101010100011011001
41	1	0.889313	11100110100111010100101000101111110111011
41	1	0.897935	00010111001110000010100110011011100001101
41	1	0.904324	10100001011101101000110010000000110101000
41	1	0.888000	01011111001010010100001101100000101011111
41	1	0.897306	01101111000010110101110111001001000011111
41	1	0.899665	01101000011101100111010010111010100111110
41	1	0.897200	10011111000111111101001001000100111110101
41	1	0.902691	11010110100111000111011000001010011111001
42	1	1.225481	101001100110000011100111111111010110010001
42	1	1.196027	000110001001000000010001100001000001100110
42	1	1.196335	100100101011110001110010110000101010100011
42	1	1.211687	010100010100100100111110000101101010111000
42	1	1.205162	101111101110011011110010011100110011111001
42	1	1.192341	100011000110111010111101001111000001011000
42	1	1.213884	011101100011011111110110010101110001101100
42	1	1.215277	010100100000010001110111011101000100000100
42	1	1.194526	000101100011000001110001010111100111110100
42	1	1.201788	110111010010010100111101111011000000100001
42	1	1.207339	001111010000001000111001001110100000101001
42	1	1.194961	110001010011000101011001010001111101100100
42	1	1.200527	100011000100100110111101001100010110110000
42	1	1.182515	000000010000100001011000111001111111111010
42	1	1.192049	011000100000100100000110001101110000000111
42	1	1.203717	101001011010001010111000110110010110111010
42	1	1.193582	100011100110100010110111000001001111100000
42	1	1.195289	001000000001000010100010001010101111000111
42	1	1.193862	001001100100111100011100010111111100000011
42	1	1.210673	001000000011001000010001110000101001011001
43	1	1.894115	1101011000011001010000111111011111000101000
43	1	1.876098	1100110011111110001000010011100000010011100
43	1	1.853834	0001001110000001011111110110110110011100001
43	1	1.876018	1111010001001010010111001010011111001111000
43	1	1.871867	1101100100100110100010110001100011010110010
43	1	1.872357	1000011001100010011010111001100011110100011
43	1	1.853135	0101011111110010101001001101000001000101011
43	1	1.863547	0101101101110001011101010100010011110111101
43	1	1.871954	1011111010111101110010010010110000100000001
43	1	1.860989	1101100010100010110111011000101101010110001
43	1	1.875665	1110001101011001000101101111100011010110001
43	1	1.874459	1010000101000011111100111000111001111000000
43	1	1.856009	0011101000000000101010010010001101111101010
43	1	1.874488	0011111100101001111001001011010101001011010
43	1	1.881358	0100101100001001000100110000101101111000110
43	1	1.864442	0100101001000111100011101001001101010001100
43	1	1.857637	1001111110110010110111001000010011010001101
43	1	1.854782	0010001111100000111111101110001100011111100
43	1	1.882301	1111010100001111100111000101100100101001011
43	1	1.854231	0011001101110100100010110101110101001110010
44	1	2.575742	01011000000001011001100010000110110001011100
44	1	2.530073	10001010010010011001111011101000111000010111
44	1	2.535587	10011000100011011111001001001010101001111010
44	1	2.535213	00011000011110011110010000001001010111010111
44	1	2.534705	00101100110001011010011101100100001001001000
44	1	2.499933	01001110011000011010010000010010011001100011
44	1	2.541152	00101001011101110111111101001101101111000011
44	1	2.529246	01000110111111011100100110100111100111100010
44	1	2.560499	10001111100001011001110101110011011110110000
44	1	2.511816	10010011110001100010010000111111100011101001
44	1	2.509141	01110011110010111010001011010001010111001110
44	1	2.501325	01100011011001111001010100100000100100100000
44	1	2.518178	11111100100000010000011001101000100011110011
44	1	2.541515	00000101000100111101110010001111111100111101
44	1	2.526019	10101000101011011100100011011010010001101011
44	1	2.524237	00011011100010010011000000101000100010111010
44	1	2.516762	10110111101100011010010011101001110111101011
44	1	2.532719	10111110000001011001000000111100000100000011
44	1	2.531194	00000010011000100100110101000111100101000000
44	1	2.553252	01000011111001100111101001101010010010100010
45	1	3.990450	010110110110110101001100001100100001000001001
45	1	3.865901	100110100110100111010101010011110010111101101
45	1	3.847924	100100101000100110111000111011110111101010001
45	1	3.872655	011000101110111111000000110000110000010010101
45	1	3.877764	000101000000111101001111110110111100111111101
45	1	3.908788	010000010000000110101010100100111100011100100
45	1	3.901683	101000110110000001110011011110111111010011101
45	1	3.928434	001100100001010010000011000001111001100101001
45	1	3.911344	000010001110010111000010100111001011010000111
45	1	3.852012	010011001100101110111010100111111001111100101
45	1	3.895227	100001001001100010010001110101001100011100000
45	1	3.934898	110100100100100101110000100111000001000010100
45	1	3.936605	010110110101100001100110110110010101010001001
45	1	3.876635	000001110110101010000100111010110000111110110
45	1	3.863213	010111001110100101001101111011011101100011100
45	1	3.864064	011100100010011101001101010000011001010001000
45	1	3.857220	001010111111100110101000010010001111100000101
45	1	3.875206	110010100001110011000001001111010101011011011
45	1	3.897619	010000000001101000110010111010101101011110101
45	1	3.878486	000110111010101011011101110001110010001011101
46	1	5.667976	1010110000000111000000101111000111100101010110
46	1	5.695392	1011100001111001001000110110101010111111110101
46	1	5.349183	1110110011000101011000001101110001110011100010
46	1	5.394348	0111110100001010101011010001111001110010001011
46	1	5.314932	0101010100000011011110110110011010101111110010
46	1	5.374453	0001010101101011100001011100110101100000101001
46	1	5.347529	0011100110111001110111000000001111010110010100
46	1	5.274484	1111111000101011110100011111110010000000000111
46	1	5.267242	1111110000000000111101000010011100001100001101
46	1	5.291566	0011110101000010101001111100110000010110000101
46	1	5.382705	0110010111001001010101100111010100001111100000
46	1	5.362521	0101110010110010011100111010000011100101101011
46	1	5.402911	1011111010101101110100001111010000001000010101
46	1	5.343859	1010110000100100001011000011001011011100110001
46	1	5.393069	1101100111011000100101011100001010100001001100
46	1	5.363724	1110100010010010101100110111101100001001011100
46	1	5.338805	1110111010101011001101111011011000001001101011
46	1	5.294886	1111111010101001010010000100111101001100100011
46	1	5.267479	0101110111000001111111100111100100101000100011
46	1	5.248853	0000111000011010111000011110110110101011101010
47	1	8.699330	10100010111001100001110000000000101111011111100
47	1	8.563354	11001101010011111000100111101100010101011001100
47	1	8.532891	00000100001101011100011110011111110001101111000
47	1	8.565252	00011110000010000110011011101001001011111011010
47	1	8.539474	00010001010111001010110000100010111100111000010
47	1	8.542307	11011111010001110000011001111000110001010010001
47	1	8.521653	11100100001100001101100000001000100110111001100
47	1	8.541333	10110001111111100111010001100111110100101001011
47	1	8.533674	00100011111110001100000011011110001000001101101
47	1	8.513026	01110001111101110111010000100011111001100011110
47	1	8.566280	00000111001100110100110011111010011000010110001
47	1	8.679526	01011000000011101010110111010000001000100001010
47	1	8.542645	10101100011110110111110110111000000010101110101
47	1	8.431264	10010011111011111001000011001001111100100011110
47	1	8.412049	00110010010100001010000100110111101110100101010
47	1	8.474895	11001000000000110101011111100111011111001001110
47	1	8.529944	00100101001110110010110000011100111100000110101
47	1	8.498315	11000111000110001001000001100110000000001010110
47	1	8.425342	10011100111000001110110001011101010100010010101
47	1	8.453839	10100111111011100101010110011101101001110001101
48	1	11.536931	011100100111001101000001010001000101111101101111
48	1	11.338643	001000101101000010100111111110011100011011111110
48	1	11.436011	001111001010100001010110010011011101001110110100
48	1	11.554681	011101100000001111010011011111010010001001000110
48	1	11.592059	110101100001010110110011001000001010110010111011
48	1	11.528257	110000100010010111110011010010101100101011011011
48	1	11.575496	101000010011111100110001000010001110001100100011
48	1	11.507986	111000101101110011110101001010100100111001011000
48	1	11.543475	001011101001000110100101011110110111100110011000
48	1	11.503918	011101101100110000101011101000010011001110110111
48	1	11.504518	110100110110110100010111000011010101111001000101
48	1	11.566052	000101010110101111011011000010010001000010011001
48	1	11.602976	101110010101111100100011000111111110011100010100
48	1	11.961794	100110001010011101011101000010111000000000111101
48	1	11.543337	100111100110000010100000100011010011001101100101
48	1	11.478186	001000000111110100001011111011100101110001011110
48	1	11.523553	111101001101000100110100011101100001100001001110
48	1	11.495655	000010001100010111011000011011110110001000010010
48	1	11.399450	101101010000000100110111101110110110101110111100
48	1	11.356056	111100001111110001011101110111111000110010101011
49	1	19.263540	0001111001001110010010001100000000100000100000101
49	1	18.864135	0101111011011111010010001010111100011000100111100
49	1	18.769011	1101001100010110001010101100000100110010100101101
49	1	18.679509	1101000111011110000001111100001010000110111111111
49	1	18.749790	1000110001110111001110111001111010110000001001011
49	1	18.785652	1010001100011111111010010011100010010011100011110
49	1	18.705895	1100101110100001000110000101111101001001111101111
49	1	18.730045	0100111110101100110101011100100101110010011010101
49	1	18.779132	0111100100100100100000001000001011100010110001010
49	1	18.760988	0001011111010100111110010101101000100000100111100
49	1	18.742027	0111000101010110110110101001010011111010100100100
49	1	18.895866	1110011101110000011111100110011100111100010000111
49	1	18.929557	1101100011111101001010110001000000111101000000110
49	1	18.609571	0100100110110010101110110101100111110010011111001
49	1	18.634943	0110001000110110111000111110110010111100101101011
49	1	18.800439	1111000111000010101111100110000011001000001110001
49	1	18.755440	0111100101000011110101101010110011000100001001110
49	1	18.518589	0100001001100011101100111001101110111111001101000
49	1	18.954399	0100010010110011010100111100001001011101010010000
49	1	18.934517	0010110101000011101111101110001111110111101100100
50	1	25.993093	11101110100010010110101110101010000010100110000100
50	1	25.775081	10111101110101000011101011110101000000000111110110
50	1	25.648158	11011010100000010100101011100011111010101011000101
50	1	25.504064	10001000101100110100101101000001110001001000001110
50	1	25.542851	11111100010001010001111101101000000000110101110011
50	1	25.552297	10110010011111011110000010111110101000110001110111
50	1	25.784153	00100011010001011001011000010101101000100111110000
50	1	25.689622	00101001111111111000001101010100011100111100001000
50	1	25.656109	11111111111011100010001111000001101000000000011011
50	1	25.504604	00000101111111100100100110111011110101111111111001
50	1	25.488847	11011000100111111110000000101101110111111111000011
50	1	25.667402	11100110000100100000000101110101111010100101100100
50	1	25.731644	11101011001011000000111111111110111001011111010001
50	1	25.836037	00001011010101101011000111000001000001010000110001
50	1	25.645922	11100010100101000111000101010010011100101010101011
50	1	25.903339	10101000111000110011000011101110000001101000110001
50	1	26.277284	01110111011001100000101001110010101101110101010001
50	1	27.009814	00111010111110001111111111101011011110110111111100
50	1	27.062678	10101001111110100101000010111000101101111011011000
50	1	26.029283	01001110011110011111011101000000010001011111101111
51	1	42.818280	001011110110101100011001101100000010010100011100100
51	1	40.698306	000011100111010101000110111000010000000011001101100
51	1	40.619186	000100011100010100000010111101011011001111100001010
51	1	40.614063	010011111001111000110000000000110110110001100101010
51	1	40.838448	001000101001101101111011110101100010101000010100111
51	1	40.771020	101101000111011000010110110111000101110001100100001
51	1	40.839858	101101100111100110110101111011001001011100100100110
51	1	41.160225	100111011011000101100110101001101011111010010100110
51	1	40.866794	100100101001010100101011001010111001001101001100011
51	1	40.391654	101000001111111011001000011010101010011010100111101
51	1	40.354403	110000100011000001000000111111111000010100000001110
51	1	40.465536	100000111110111100110011000111101001011010001100110
51	1	40.355264	011110101001000011000111111011100001001101100110101
51	1	40.528297	010100000010110101111101010000001011001111100001001
51	1	40.422975	001110110001110110110101001000011011001000000100001
51	1	40.773805	000011000010101110101000100110010111011001110111011
51	1	40.468840	101110001101011000011101000111100110001111101110100
51	1	40.373174	001001100101010011100100110011011001010111011011110
51	1	40.403789	011000101010011000100011110101100010100110111011011
51	1	40.461777	110000000001111010001000000100001110010111010101110
52	1	56.099319	0100101110111100101001011110001001110011011000111100
52	1	56.046435	0101001111011011000001011100100011000110110000111100
52	1	56.134644	0111011010010111000101101011010000110001101110110010
52	1	55.402946	0001001011100011100000000110010010011111101100011100
52	1	55.933401	1000010001100001011010011110100001001110000001001100
52	1	55.674910	1011000001100111011101011010011111100000111111001011
52	1	55.823820	1101110101101011110000101000110100010111010100010001
52	1	55.711134	0010000010001110101011101101110101001000111110010001
52	1	55.432289	0000100011100110111111111111001000110110010101111111
52	1	55.542389	1000100111011000110010110011010110011011011110110111
52	1	56.188413	0011011001100001101010101001010100011101000000000110
52	1	56.007804	1001100100110011101001000101110000000001110001001100
52	1	55.827111	1101100110100111010011000010001000010100000110100010
52	1	55.965740	1110001011100010101111110010000111110001011011000001
52	1	56.370007	1101111001010000100001100110110001010001110110010011
52	1	56.052463	0101001110110011110001000111010100110111110110000011
52	1	56.078043	1111111110000000011100001010100100011000101101101000
52	1	55.827899	0110100110000101110100000010101010000111010111000010
52	1	55.825174	1110100101010111011101000100001111000111001000111000
52	1	55.923992	0110000110101111110011111010001101010100000110111101
53	1	85.285984	01011000111111110011000110100101101111001010110000111
53	1	85.029987	10100000011010110100011100010110110010111000011101011
53	1	84.709270	10011100001110110000100101110110011011111011101111001
53	1	84.826593	11000100111110000011101011001111010110000110111100010
53	1	84.822878	10011101110001101111111001011110110110101101110100101
53	1	84.737208	11011011110110001111101111001110000111000100011110110
53	1	84.736460	01010000110111011110000100101111000111010000101111001
53	1	84.759595	10011011000001000000110111001011101000111100101001010
53	1	84.648284	10011110100110000111101000100100011101000010010000001
53	1	85.360902	01010101100101101111001101001110100111101010000000100
53	1	84.333538	00111100001001000111001100101101101110101011101101011
53	1	84.854134	01101011010001100011111101111101010111010110000010100
53	1	84.564024	00111010000110010100111110110110110011001110110110010
53	1	85.001152	01110000110001111100010011100000110100001101110001011
53	1	84.542089	11110101001001110111100111110100110101001101010000011
53	1	84.407880	11100111011111000100000000011010101100100001101100101
53	1	86.491003	10101111001001001010101000000000110010111101010011000
53	1	84.159463	01001010100111011000100000001011001001100110111010000
53	1	85.341956	01001100000100100110100000110000100010011111011110100
53	1	84.355920	01011111110011100111011001100111000010111111111111110
