n	retval	time	result
10	1	0.000019	1010100010
10	1	0.000011	1100111100
10	1	0.000009	0110000001
10	1	0.000010	1101000010
10	1	0.000009	1001110101
10	1	0.000010	1101101110
10	1	0.000010	1101000100
10	1	0.000004	1000001111
10	1	0.000007	0000000001
10	1	0.000008	0001101011
10	1	0.000009	1001000100
10	1	0.000009	1000000001
10	1	0.000044	0011100100
10	1	0.000015	0001100101
10	1	0.000011	1011100101
10	1	0.000007	0110000110
10	1	0.000006	1010011010
10	1	0.000008	0100100011
10	1	0.000006	0100111101
10	1	0.000011	1001101100
11	1	0.000018	10000000000
11	1	0.000017	10110010100
11	1	0.000009	10001010111
11	1	0.000008	01100011101
11	1	0.000020	11011100000
11	1	0.000008	01001111110
11	1	0.000011	10101101110
11	1	0.000006	01000100111
11	1	0.000012	00000100010
11	1	0.000013	10011010101
11	1	0.000010	11010000111
11	1	0.000017	01001011000
11	1	0.000016	01101000011
11	1	0.000015	10100000000
11	1	0.000011	11011001111
11	1	0.000007	00001110111
11	1	0.000010	01110111010
11	1	0.000015	11001000101
11	1	0.000017	01101001100
11	1	0.000015	10100000100
12	1	0.000017	111100001101
12	1	0.000015	111001101101
12	1	0.000013	100011110101
12	1	0.000025	110001001100
12	1	0.000013	000010100011
12	1	0.000012	110110101111
12	1	0.000028	111010000001
12	1	0.000015	010101101101
12	1	0.000016	101010111000
12	1	0.000027	111011001000
12	1	0.000012	001100010101
12	1	0.000016	001000000001
12	1	0.000008	101010011111
12	1	0.000016	001000000000
12	1	0.000019	110101010110
12	1	0.000014	100001011100
12	1	0.000011	111010111101
12	1	0.000006	010100111111
12	1	0.000015	010001011100
12	1	0.000008	100000101110
13	1	0.000019	0011100010111
13	1	0.000033	0110011010100
13	1	0.000010	1001001011011
13	1	0.000015	1100101111001
13	1	0.000035	0101101001000
13	1	0.000031	1001111110010
13	1	0.000028	0011110001011
13	1	0.000026	0000001101000
13	1	0.000037	1111100100100
13	1	0.000036	0001010001000
13	1	0.000024	1101101101001
13	1	0.000023	0000010011001
13	1	0.000020	0100011011001
13	1	0.000013	1010111001100
13	1	0.000009	1001110101011
13	1	0.000012	0011010101001
13	1	0.000008	1101001000011
13	1	0.000011	0101101001100
13	1	0.000010	1111110011110
13	1	0.000008	0101011010011
14	1	0.000014	00110111111101
14	1	0.000020	10110110001001
14	1	0.000011	00000010100110
14	1	0.000012	00011010101101
14	1	0.000018	01111110001110
14	1	0.000013	10001001010000
14	1	0.000012	10100101001010
14	1	0.000012	01110010111001
14	1	0.000015	01010010000101
14	1	0.000013	10011111011101
14	1	0.000008	00101001010110
14	1	0.000013	01001100101001
14	1	0.000014	11101011110010
14	1	0.000014	10110101010010
14	1	0.000007	11110000011101
14	1	0.000009	00000010001011
14	1	0.000013	00110011000101
14	1	0.000004	00011001111111
14	1	0.000011	00111000100101
14	1	0.000020	10001110000010
15	1	0.000014	000101111101110
15	1	0.000023	000101001001010
15	1	0.000007	000001001001111
15	1	0.000015	001110010111010
15	1	0.000011	010110111101111
15	1	0.000018	011011110011101
15	1	0.000029	100011000000001
15	1	0.000029	010110101001100
15	1	0.000031	010101100001100
15	1	0.000029	110011001001000
15	1	0.000007	011000110111111
15	1	0.000015	100100001100011
15	1	0.000023	100100000001100
15	1	0.000015	011001011101100
15	1	0.000007	100001000101111
15	1	0.000029	010011110010001
15	1	0.000009	110100010011101
15	1	0.000017	000010101100011
15	1	0.000010	110001101111011
15	1	0.000019	101100101010011
16	1	0.000016	1001100111111011
16	1	0.000036	0111001101110001
16	1	0.000018	0001100010011001
16	1	0.000028	1110101100111101
16	1	0.000049	0001111111000100
16	1	0.000012	1000011011111101
16	1	0.000036	1011110101010011
16	1	0.000009	0111000000110111
16	1	0.000030	1110010111111000
16	1	0.000027	1010010010100001
16	1	0.000029	0010010000100010
16	1	0.000036	0111010111001001
16	1	0.000028	1011011000011110
16	1	0.000042	0101111011000100
16	1	0.000021	1001010010110001
16	1	0.000037	1100001101010100
16	1	0.000033	1110101001100010
16	1	0.000007	0110000011110101
16	1	0.000041	0000101100010100
16	1	0.000028	0100010101011010
17	1	0.000053	00011111011011010
17	1	0.000043	10001101111000101
17	1	0.000031	00010101111011100
17	1	0.000034	00000000100010110
17	1	0.000021	11110110001011111
17	1	0.000016	11001001111101111
17	1	0.000034	10010110101010011
17	1	0.000039	01010011100101101
17	1	0.000062	11011010010001000
17	1	0.000034	01011111110010111
17	1	0.000042	11111011001101110
17	1	0.000069	11011101111000000
17	1	0.000066	01110101110100000
17	1	0.000049	01011111101011010
17	1	0.000056	00111011001100101
17	1	0.000042	11110101011111010
17	1	0.000083	00100110011001000
17	1	0.000061	00011000011100100
17	1	0.000097	11010011101000010
17	1	0.000017	01110100111111110
18	1	0.000145	110110111001011000
18	1	0.000116	010111001000010000
18	1	0.000060	010111000001110001
18	1	0.000061	110010110100111011
18	1	0.000094	010110101011001001
18	1	0.000062	010111100000110110
18	1	0.000021	000001000110011101
18	1	0.000059	001011000000100101
18	1	0.000045	100001010111000011
18	1	0.000071	111110101100001111
18	1	0.000117	001010111010011000
18	1	0.000101	101000111110010010
18	1	0.000044	000011010110101010
18	1	0.000032	000101010011111001
18	1	0.000019	000100010111001111
18	1	0.000057	100101100001011010
18	1	0.000086	010001011000001110
18	1	0.000081	001110011001011001
18	1	0.000107	110010111000100101
18	1	0.000033	010001010110110110
19	1	0.000073	1000101010110111010
19	1	0.000034	0011111001111111110
19	1	0.000117	0110001111010101011
19	1	0.000115	1001111010001110101
19	1	0.000029	1100010101010111111
19	1	0.000111	0100100001000010110
19	1	0.000141	0101000111000101001
19	1	0.000048	1110101000011010111
19	1	0.000087	0110001001010110100
19	1	0.000106	0110001111101101100
19	1	0.000061	0011010000011001101
19	1	0.000160	1101011100100100001
19	1	0.000052	1011001101011011011
19	1	0.000118	1000010010111000010
19	1	0.000100	1011010011001101100
19	1	0.000133	1101110111001111000
19	1	0.000172	0010011110000000001
19	1	0.000077	0001110011100001111
19	1	0.000106	0100000001110000100
19	1	0.000122	1110000011100001001
20	1	0.000236	11001001110001100001
20	1	0.000142	00100001100110110000
20	1	0.000105	01011100010101110011
20	1	0.000153	00100011011000001110
20	1	0.000068	11000011001011010101
20	1	0.000102	10100000011000100101
20	1	0.000151	01000111100001001111
20	1	0.000127	11101111001101100110
20	1	0.000071	00100010000111110100
20	1	0.000059	11110110001011111010
20	1	0.000183	10110110010000110010
20	1	0.000110	10110011000111011000
20	1	0.000105	11000011000111100010
20	1	0.000069	10100011011101111110
20	1	0.000116	11101101010011001111
20	1	0.000051	01110011001111111010
20	1	0.000121	11011010100010011101
20	1	0.000140	10100010111100001011
20	1	0.000079	00000100110111111001
20	1	0.000092	01000101010011011101
21	1	0.000337	011100101010000000100
21	1	0.000253	110011101111100110100
21	1	0.000320	111000110110101000010
21	1	0.000120	001000110111001011011
21	1	0.000370	000110111110100000000
21	1	0.000188	111011010100101111001
21	1	0.000316	100101001100100010100
21	1	0.000202	000000001110001001110
21	1	0.000209	110000101101011110100
21	1	0.000244	010011011101110011010
21	1	0.000251	110101101000110100101
21	1	0.000361	101011011101100001100
21	1	0.000234	001100110011101000010
21	1	0.000316	001111001100100010010
21	1	0.000101	011010110110101101111
21	1	0.000168	111111100001110010110
21	1	0.000043	000010010110111111111
21	1	0.000062	100011100001111001011
21	1	0.000147	001111010010010110101
21	1	0.000283	100101111110110000101
22	1	0.000260	0100110001111011010100
22	1	0.000132	1111100100011011011100
22	1	0.000071	1111110000001110111101
22	1	0.000176	1110110001000011011101
22	1	0.000384	0111110001111011010000
22	1	0.000132	0000001101001000111110
22	1	0.000212	1110100110110011000111
22	1	0.000257	0100100010110100101000
22	1	0.000192	0000011001110110100011
22	1	0.000098	1111001000111011001111
22	1	0.000065	0000000110001111100101
22	1	0.000194	1100000011110101000111
22	1	0.000253	1111011011101110001011
22	1	0.000176	0110000110101011101001
22	1	0.000261	1110011100010100000010
22	1	0.000301	1100000110100100010000
22	1	0.000339	0100010111100000010110
22	1	0.000339	0111110010101001000000
22	1	0.000235	1000100110110110100010
22	1	0.000135	0101001000011111010000
23	1	0.000324	11111000110011010100101
23	1	0.000243	11110011100101010111100
23	1	0.000183	00110110100111110101001
23	1	0.000559	01000111110001100010000
23	1	0.000265	01010110111111101001101
23	1	0.000398	10011001000000000001101
23	1	0.000240	00001110111111001011011
23	1	0.000478	01111011001100000111000
23	1	0.000372	00001011000101011000100
23	1	0.000544	00001011011000000000110
23	1	0.000408	01111110110001111000101
23	1	0.000246	01000100101111110011100
23	1	0.000374	00010101111100010101101
23	1	0.000439	10000000110011001011000
23	1	0.000378	00110110001101010111000
23	1	0.000445	10101010001101010110000
23	1	0.000440	01110001010110101000001
23	1	0.000426	01001010001000011100001
23	1	0.000246	11010011000000000110111
23	1	0.000184	01100101111011111111111
24	1	0.000917	011111110111100101001000
24	1	0.000294	011001100110011110110101
24	1	0.000464	111001001111111101000111
24	1	0.000325	110010101001110100011110
24	1	0.000361	000011011001011010110011
24	1	0.000147	111001011000101101110111
24	1	0.000416	100101000010100110000101
24	1	0.000427	100011111110111100111110
24	1	0.000361	011100100001010110110010
24	1	0.000771	011011100111011100001010
24	1	0.000458	110000001100001111000000
24	1	0.000758	110010111110100100100001
24	1	0.000362	110110000000100000100011
24	1	0.000155	110100001010011111011010
24	1	0.000637	101100111111001000110101
24	1	0.000469	011011101111100101100111
24	1	0.000434	011010011001110100111000
24	1	0.000156	101110011000111001110111
24	1	0.000361	010010010100100011100001
24	1	0.000641	111111011011011111100000
25	1	0.000398	1011010001011110001111010
25	1	0.000609	1111101001010011101110001
25	1	0.000425	1011000111000011000111101
25	1	0.001003	1101101111100001110100001
25	1	0.000535	1011101110111011100010111
25	1	0.000382	1100000110010100110110101
25	1	0.000732	0110110000111011010100001
25	1	0.000465	0110001111100111101010101
25	1	0.000483	0011111000100110001101011
25	1	0.000561	0011001000100101011000110
25	1	0.000378	0001011011001011100101101
25	1	0.001067	1111001110111101000001100
25	1	0.000748	1001100001110100110101100
25	1	0.000303	0001110010010011100110111
25	1	0.000581	0100011110100101110100110
25	1	0.000826	1111101010000110011010010
25	1	0.000675	0101010000101000110110010
25	1	0.000741	1010111111000110001101110
25	1	0.000704	1111100010111010101100011
25	1	0.001162	0100110010111000101000100
26	1	0.001335	01011000101011000010100000
26	1	0.000616	10100000101000100111001100
26	1	0.000544	11010000010100011101010001
26	1	0.000416	01000101001100101111110100
26	1	0.000606	00001111010000000010111011
26	1	0.001190	00011001101100101010000001
26	1	0.000842	01001010101111111001011100
26	1	0.000673	11110010011101010111110100
26	1	0.001133	10001011111101110110101000
26	1	0.001110	00101111000010111000001010
26	1	0.001358	11110111101010010011110001
26	1	0.000666	10010101110001101111100100
26	1	0.000472	01000110001001001010111010
26	1	0.000565	00011011010000001111100101
26	1	0.000772	11100001100010001011011100
26	1	0.000648	10010000101001100100010011
26	1	0.000713	00010110000001100010110010
26	1	0.000216	11100011000001010111001011
26	1	0.000596	10010011000001001110011000
26	1	0.001190	11011010011010110001110000
27	1	0.002289	011111101011111000100100001
27	1	0.001042	010101010100100010110110011
27	1	0.000617	110100001110001010011010111
27	1	0.001914	101110110111100101010100101
27	1	0.001650	110110100100101111000000011
27	1	0.001522	100010110001101100000101011
27	1	0.002166	010110111110011000000000101
27	1	0.000612	001011001010000011101110110
27	1	0.000648	111100000011010010010111110
27	1	0.001906	101010010100100011100000100
27	1	0.002084	111000101001110100001000001
27	1	0.001029	100111010100001101001100011
27	1	0.000834	101100011101100111000111111
27	1	0.000363	000111101001011011111011111
27	1	0.001061	010011000111010111100010101
27	1	0.000241	100010101000001010101111101
27	1	0.002241	011111100001110100000100100
27	1	0.001025	010000111111101110110110110
27	1	0.001878	011010101111101001000011011
27	1	0.000708	010001100101110010111101011
28	1	0.002613	1110010010111000101000110010
28	1	0.002350	1011111100001100101000011011
28	1	0.003011	1011110011100101100111100000
28	1	0.001833	0111001001000001100010000001
28	1	0.002078	0111100111111110010110101101
28	1	0.001931	1010010000100100001100001100
28	1	0.002349	1100010110101101110101000110
28	1	0.001872	0100111001001111001001100011
28	1	0.002272	0110000111101110100011011010
28	1	0.000092	0100100001000000110111101111
28	1	0.001751	1100001010110101010001110011
28	1	0.001816	1001011100111001010001110011
28	1	0.001730	1100010001100011110100100000
28	1	0.002398	0011001110001101010000110100
28	1	0.000921	0010011011010001000111010111
28	1	0.002279	0001111011111110110110101100
28	1	0.001894	0111100111001000010110011010
28	1	0.002459	0010011110111110000100101011
28	1	0.002487	1001110010101100101010000010
28	1	0.001444	0111000011101100110110011101
29	1	0.003220	01000111010010100001001001001
29	1	0.001552	10000101000111111001001110110
29	1	0.003722	11101001111100010100010100100
29	1	0.003039	01010101101000100000010100110
29	1	0.002367	00111111100001111100010011010
29	1	0.001629	10001001000100000010111100101
29	1	0.003862	01101011101101010001000001101
29	1	0.002731	11100111110111101110100001101
29	1	0.001859	01011101101010000110101110101
29	1	0.003902	11000110110101100010010010000
29	1	0.003166	01000111011000010000100110010
29	1	0.001028	10100110010100101100110011011
29	1	0.001185	10111000011101101001101111110
29	1	0.001946	00111110001101000011001111110
29	1	0.000998	10001000000101111110001001110
29	1	0.001352	00011010111000101011110001101
29	1	0.002388	00001011000100010100000101110
29	1	0.000872	00101010010010101010001011111
29	1	0.001837	00000111001101111110110011000
29	1	0.000240	00010100010000001011101011111
30	1	0.002383	111000011101010111010111010100
30	1	0.002128	011001010101101111111110100110
30	1	0.004683	011001001111100001010100001001
30	1	0.001348	001011001000101000100111111101
30	1	0.003216	110100011100111111100111100010
30	1	0.003948	000011010011010001001100010010
30	1	0.002985	001110111011001101001100111110
30	1	0.000873	111000000010001011101110010011
30	1	0.003525	100110001110110010011100011010
30	1	0.002221	011001101110001101001100011111
30	1	0.003552	011111101100101011101001100101
30	1	0.001227	010000100110000011001100010111
30	1	0.002212	011101001001111111011111111110
30	1	0.000482	000100001001100111111111100010
30	1	0.003735	111010100111100011100000110101
30	1	0.003855	100110010001111101001100001101
30	1	0.002839	000101010010000010000100110001
30	1	0.004065	001010110011110010110101001001
30	1	0.001469	100000001011100010100100111101
30	1	0.002715	101101101010011011001110111001
31	1	0.003110	0010001110110101111000111101010
31	1	0.001530	1011000010010101101010101001111
31	1	0.007672	1100110111001111001101011000100
31	1	0.003752	1010101100110101111010001101010
31	1	0.002336	0000101010011000010101101110110
31	1	0.002420	0111000011001100111001111100101
31	1	0.001511	1110011111010000011100111111011
31	1	0.005129	1000101101011010110001110001011
31	1	0.005079	1011100110000011001100100001011
31	1	0.003882	1011100111101010111000001111011
31	1	0.003612	1110100011111011110011001101101
31	1	0.006291	0000000100110110101011100001100
31	1	0.005314	1100001010100111100101011100001
31	1	0.004942	0001000110000011100000111000110
31	1	0.002002	0010000111010101111110011100011
31	1	0.006050	0011101011011111100010101100011
31	1	0.007459	0001000101111011101011010000001
31	1	0.003680	1111010101001011101001111000110
31	1	0.001966	0010100101101010000101011111111
31	1	0.006405	0110101101010100111001110000100
32	1	0.006049	11100111111010111000111111110101
32	1	0.012234	11000101011111111000100000111000
32	1	0.005843	11000101110110100011111000011011
32	1	0.007010	11110110001101111101101111000101
32	1	0.011372	00100110011111111110010001000101
32	1	0.008773	01011011101011010000011001111100
32	1	0.010784	11001100111001110010001011110000
32	1	0.009977	00110011011110110001010101101010
32	1	0.005534	11101100001000011110000001010101
32	1	0.002385	10010011010100101110101110011011
32	1	0.003428	00110100110000111001111100111100
32	1	0.009474	01011101000101111001010011000101
32	1	0.006781	00001000110001011000100011001010
32	1	0.001870	01001010001001100110001001111111
32	1	0.004155	11111010110101000010011101100111
32	1	0.001287	10110110001000011011111111101001
32	1	0.007636	11101010011111111001001101011110
32	1	0.010358	10001011111001101000101100010100
32	1	0.000712	10000100010000011010110111101101
32	1	0.001931	11001000000110101110111110111000
33	1	0.005111	110101010001101100011111111000111
33	1	0.015614	100001111000011001001001000001001
33	1	0.014319	111010000001111110100101000010011
33	1	0.002122	100000110000001000010111010111011
33	1	0.016985	111110010010111101000100010010110
33	1	0.013941	110001111111101000101000100010111
33	1	0.008465	011001011100000011100001000011011
33	1	0.006916	011011110110110100101111111100101
33	1	0.004250	111000110000101100000111110101111
33	1	0.011153	010110101011001111000111001110001
33	1	0.007413	101000110100111100011101011111010
33	1	0.010935	111101010110111111101110100100011
33	1	0.003800	011110000001100110011001010101111
33	1	0.014621	110000110110110001000010010010101
33	1	0.009439	100001101110001001101001000011101
33	1	0.010937	111101011011110111010111110011000
33	1	0.010679	111010111011101011000110101001101
33	1	0.006982	100101011011100010110011111010001
33	1	0.013321	011110110001111101000100111110010
33	1	0.003545	111000110110011000111111101010111
34	1	0.006873	0100011000110001110001100101101111
34	1	0.013216	0010111001000010011001100011100000
34	1	0.013164	1110001000011100000000111000101100
34	1	0.013841	0110000100100111001011100111000001
34	1	0.013304	1110000101001100010011001011010000
34	1	0.016995	1101110001000011100010100000100111
34	1	0.010536	1100001010111100101001111110000111
34	1	0.024476	0110100111111001111001000000010000
34	1	0.014141	0110001011011011011010000110110110
34	1	0.007399	0001010000010011111000011011101101
34	1	0.015921	0110110110011000101000011010011010
34	1	0.009192	0101110100011100001110101000110101
34	1	0.019298	0101000011001110100000101001101001
34	1	0.006962	1010110000100101001100011011001110
34	1	0.003063	1010111010100001001101111011011011
34	1	0.012466	1011000001100111010111001001111000
34	1	0.006325	0110101010001010000101010101011110
34	1	0.006155	1101010011001101011101101111111001
34	1	0.009987	0100100100010111000100111010110110
34	1	0.013559	1100010011000011101001010011010011
35	1	0.023818	01101000010010001001000101000110110
35	1	0.036514	11011101100101110100001010100100100
35	1	0.025106	00101110000100000110010010100010010
35	1	0.025073	01010011100010011011000110000011011
35	1	0.030891	01101010000111010110100010010101000
35	1	0.026371	11000011101100101010000110101110001
35	1	0.010589	10000111100000111001101110101001111
35	1	0.003242	01000000100110100111111111011000110
35	1	0.006125	10100011110000100110000001111110111
35	1	0.017925	01000110111001100111010010011110010
35	1	0.006877	00000110111100000010011101101111010
35	1	0.014524	10001000110011001010110111010111000
35	1	0.028292	00011101000100111110100010000111100
35	1	0.035790	10101111010110010101001000010001000
35	1	0.027263	11100010000000110000110110000100100
35	1	0.010809	10100101100011100000001110111011011
35	1	0.015403	00101001011100001100111111001010001
35	1	0.035250	10010010010111011100111110000000100
35	1	0.030753	01011100001101010000110001011001000
35	1	0.031374	01011111001101000001100000010100101
36	1	0.036073	101110100110000111011010110000010101
36	1	0.029263	101000001001011011110101110000111100
36	1	0.033076	001010000101010011101001100001110100
36	1	0.027621	101111000101100001011010110001011000
36	1	0.040665	010000111000011011000000011111011000
36	1	0.052737	001101010000111111100001010010000001
36	1	0.022035	010110011111100110111101001110011111
36	1	0.010720	100101110000100001000110110110110101
36	1	0.041768	001101111011110101001110111010011000
36	1	0.042697	010000100011010111010000001101011010
36	1	0.026017	110010111010010110000010011100111110
36	1	0.027207	010110101111001001100010100111100011
36	1	0.029278	001000011010000110000010011000001111
36	1	0.022144	101010101000011000100100101101100001
36	1	0.019857	000001111010101001000111010010110111
36	1	0.025741	001110011110101100100111100101100011
36	1	0.023064	111001010111110000001001110000111110
36	1	0.012735	000010111000011000100101011001101110
36	1	0.012999	000001100010011000100111101011000011
36	1	0.036642	011000100011111100100100001110011010
37	1	0.009871	1000110100100000010011111110010011110
37	1	0.016520	0101001001100011100111111011110100110
37	1	0.071204	0000011100000111010100111000100000100
37	1	0.031871	1111001011011100000010110001111110100
37	1	0.051838	0111000010100000010101110100001100100
37	1	0.048944	0111010100101011001000101110100010101
37	1	0.055996	0110010110101100101000000111001110001
37	1	0.041305	0101111111100101100100011000111010111
37	1	0.043739	1010111010010110000101100100101000111
37	1	0.008742	1110100010110011001111110011101110111
37	1	0.045602	1001011001000110000110110110010010100
37	1	0.075769	1100010111011101100000000010100001111
37	1	0.008045	1001011011000001001101001010011111110
37	1	0.025739	1010111110011011111101111100011110111
37	1	0.033586	0110100101111100110101100010111110011
37	1	0.016666	1011101010011000111101010011110111110
37	1	0.045426	0001001100001100011110010100010101010
37	1	0.029973	1110000000101100111011101100111100100
37	1	0.062616	1010110001111001010010110011010000101
37	1	0.048478	1101110011010000010001101001010011001
38	1	0.021225	00000101101100001100111001101010111011
38	1	0.061026	01001111000001111111011011010010010111
38	1	0.073919	11111111001000011011000010100101100101
38	1	0.036740	10000111100111010100011000110111110111
38	1	0.032531	01111000100001011101001111000101100111
38	1	0.060044	00111011111100010100100010111110110100
38	1	0.052533	10001101100100000001011010100000110100
38	1	0.052601	11110100101000001110001001010111101100
38	1	0.042090	01100111000010101011110101001100111010
38	1	0.051528	00011010100100111001101100011001011100
38	1	0.055805	11100001000010001001001100000010001011
38	1	0.069323	01100110010110001000001010010100000010
38	1	0.025580	01001000110110010100011110111111100100
38	1	0.085145	00111110100111110101010100011100110010
38	1	0.081114	01010101111001011000011000100101101000
38	1	0.042453	10101000111001010111111010010001110111
38	1	0.031243	00011100100000101110111110011001111100
38	1	0.033810	00000010111100001010100011111101100110
38	1	0.028781	11110111001010001100111010001101110111
38	1	0.062728	01100110000000100100010000011001001000
39	1	0.124443	000000100100010011100101001001011001100
39	1	0.053622	100111000000100101000011111110001111000
39	1	0.151757	100110001111101001111110000111011000000
39	1	0.047633	101100011001100001011000110011010100111
39	1	0.154015	101101101010111101011000100110000010101
39	1	0.097779	111111010000001100001010100101101101000
39	1	0.012688	011101000001011010010111010110111110111
39	1	0.137155	000011010000100111000101100111000000001
39	1	0.133588	011101100111011110111111000100000110110
39	1	0.111065	001100101110101111011011101010101000011
39	1	0.130531	111110111001010011111110100001011011000
39	1	0.106877	000001101100011101100011110110010010011
39	1	0.108463	100100011110111000000010101111100100001
39	1	0.089582	110011010010011001100000101010010011111
39	1	0.049204	111110000010010001101101100000101011111
39	1	0.128192	010001001000111111000011110010001011001
39	1	0.091881	110111001110100011010100011111000001011
39	1	0.051896	001001101101010100001001110000111101011
39	1	0.149886	101111011101101000100001001010110000011
39	1	0.110697	101111010000011100111110100010011100010
40	1	0.079479	1110100001010000111101111101110001011101
40	1	0.110820	0110001011111010000001110110101001010001
40	1	0.213736	0000101111100100111010110101100010100000
40	1	0.254805	0001111011110111111101100010011100000010
40	1	0.167672	1011000010101010111101101000100111100011
40	1	0.075097	1011001100000000010111100010100100010111
40	1	0.203342	1100011111011011101010001101000110011100
40	1	0.146999	0000010001010011001000000000011101101010
40	1	0.097348	0111000010100001110000111001001011011010
40	1	0.046605	1001001111011010000000101111011111000101
40	1	0.108187	0011111010001101110111110111111110010001
40	1	0.173658	1110011100010010110010001010100011000001
40	1	0.214728	0111111001011010110110101101001110000010
40	1	0.025963	1101010100010110000101011110001111101111
40	1	0.126573	0110111111100101111010100110110010111011
40	1	0.172088	1111000111000111010110100001101000101011
40	1	0.145919	1011001000101001010110100100100101010011
40	1	0.248480	1000111011101100110111101101010000110000
40	1	0.143988	1010110101101010100000101011001000111100
40	1	0.133676	0010011010101111010010111001100011100101
41	1	0.036767	10101000001010001100110011110111110110001
41	1	0.055814	00001110100000100111011111111101011000111
41	1	0.149066	10110011011111010101111001100110110010111
41	1	0.308439	10101001111110000000001111100000101000000
41	1	0.245855	01010100001100001011011101111010000010100
41	1	0.100966	10010110110101100101011101111001011110110
41	1	0.300110	10011001100001100110000000100001111100001
41	1	0.170259	01001010101110100100010010111101110010010
41	1	0.024591	00011100010110010000110100110101101101111
41	1	0.353016	10010110111110000110011010100000100100001
41	1	0.241943	10011001110101111011011010110001100111010
41	1	0.224059	01010111101101000001001110001110110100010
41	1	0.109506	11010010001001000101000110011001100111101
41	1	0.293305	01110110001001110100100100000101100111000
41	1	0.223063	10010010101001000111001010110010110001101
41	1	0.238504	11011110100110101000000110100001010101101
41	1	0.242775	11010001101110001010000110000011110001101
41	1	0.021229	10010000100011000101010111111111010110111
41	1	0.046314	00001011000001100100110101100011011001111
41	1	0.355433	10001101100110011111100000101100000101101
42	1	0.261190	001001101100110000000000011001100111000100
42	1	0.303038	001100100110111010111010010001101011011011
42	1	0.274294	101111001000000101000101100100010100001001
42	1	0.344831	000110001010111011101001111010101100101001
42	1	0.164283	000100000001001010111111100100101110111001
42	1	0.188806	000110100001101100010100110101101011000101
42	1	0.113146	001010101110000001101101110100111001001111
42	1	0.415602	000100100011110000111101100000000000110011
42	1	0.241488	100001000110011100010100111101001000110001
42	1	0.307930	111001000001101100000101010001100000000001
42	1	0.404397	101110101111001001011111010100000010101010
42	1	0.318698	110011101001010010110110100111010001001100
42	1	0.189340	000111111110100000110101111100010111010001
42	1	0.332529	011011010001100001110100110100000111011000
42	1	0.320775	100111111110010110100001000010101001011101
42	1	0.310729	010110001110100001110001010000011111101000
42	1	0.422332	110011001111111110101011100101100001111000
42	1	0.236826	111011110100110000001001111001101001101000
42	1	0.395761	010101101110111010110110101001101000110100
42	1	0.366377	001101111111100110000011011101000010001000
43	1	0.108888	1110110011000011100010101111011011101111100
43	1	0.561169	0010001001101010011110011011100111001101000
43	1	0.256853	0111111010010101110101000011010101110111101
43	1	0.448063	0111000110111000101000001010101101000011101
43	1	0.819768	0010111111101110010111010010110100001100000
43	1	0.315198	0010100010111111000000011000001100111101110
43	1	0.367347	0011100010001001100101111000001001100110011
43	1	0.651302	1011100010110100101101100011000101100010100
43	1	0.504245	1101111111110100101011100010010101101010110
43	1	0.372684	1011010100100101101010001010000110111110110
43	1	0.759177	1111000101010001111010011110011001000010000
43	1	0.419041	1001010110011101110110000111111001011011100
43	1	0.108608	1110001111000011100100011111011110111101110
43	1	0.515348	0100011001110111100001001010100101110000011
43	1	0.282296	1110101101100001110011000100101110000111111
43	1	0.633766	0110001111101100001011100100001101000000111
43	1	0.373513	1011000100100111110011011000011100101110110
43	1	0.637311	0111110000110010010101010110100010001000001
43	1	0.725361	0001011011111101000100010011000000001100110
43	1	0.256548	0100111111111001001010010111111110110110100
44	1	0.249790	00111101100100000000111010100011010011011101
44	1	0.478586	11100000000100101111000001100001111001011101
44	1	0.666008	00010111001011111000100111001010100000011110
44	1	0.150470	10001110110010100101001110101001011010111110
44	1	0.685930	00110110010110000101011101100100100001000110
44	1	0.906794	01010100010111000111100101000000000110101001
44	1	0.720077	11011000000001100111110001010001111001110101
44	1	0.684492	00011001111110110100111010101101001110001101
44	1	0.515508	01110101100000010111101111000000111110001101
44	1	0.719893	01101100110000001101111101011010000100011101
44	1	0.966123	11000101110010101011100010000000100100000011
44	1	1.018678	00110001101100110011110101110101000100000101
44	1	0.472346	00110111100111001111000101110010110101011101
44	1	0.442203	00101000110001100001111001110111001110111000
44	1	0.409469	00100101111111101010001111011010001000101111
44	1	0.658208	10101101000100101100111011110000010100110101
44	1	0.510868	11111011110011101111101110111010111111101001
44	1	0.563141	11001010100111110101001000110001100111110100
44	1	0.140741	10011011011100000010000110110110100111001011
44	1	0.251085	11000011000000110001101110011001011111100001
45	1	1.363598	100001101010010111011101000100010110110110100
45	1	1.381891	000110010110110100101001010110010001001000001
45	1	0.841085	001111011101010110111000010000110111011001111
45	1	0.674175	111011010101111110110111010101110101011000111
45	1	1.716025	100101010011011001111101101100010011000000100
45	1	0.330121	010011010000001011011111000111011111101010111
45	1	0.322451	001000010010000100101101101100011111011100110
45	1	0.931115	100010000110111001001000000000011110010111011
45	1	0.778420	001101001111010000110111111000100111010011100
45	1	1.748787	011001111001111010111000101101000101000001000
45	1	0.940761	000110010110000001101110001010010100110111001
45	1	0.629148	101010000110111011110111010111100101110101110
45	1	1.565568	011100111010111111010101101111000000110000101
45	1	1.220993	001111100011010101101001110001001110101001010
45	1	1.280392	101001001011110111000000000110000011100111001
45	1	1.228138	000111111010101110100101010011101100100010110
45	1	1.348854	011000100010110001110001000100011011000010010
45	1	1.228336	110110001010011011101101001110100100110001101
45	1	1.061297	011100011010111101001000000101111101001100110
45	1	0.603992	000001001111000001001011100101100100001101101
46	1	1.386408	0101100001001110010010000001000110111001100000
46	1	0.793003	0110000100000010000111100111010001101111100100
46	1	1.683753	1101010011000101010110110000001101010001001110
46	1	1.601722	0100001000100001111010100110011010100000110100
46	1	1.543745	0011011101000100010110110010010001001011000110
46	1	0.199459	0111011101000100101000010110110101101101111010
46	1	1.169552	0001111001000100000111001110101000010100011010
46	1	1.617458	1010101100001101110001111000000110010010110101
46	1	0.874176	0101100100101100100011110010010110110001111110
46	1	0.657252	1111001100110100010110001110001110101100001111
46	1	1.684260	1101101111001001111110000111000101000111100101
46	1	0.810453	0010011110111000001000010001011001101001110001
46	1	2.170981	0110011111011010111011101000011100010101100010
46	1	1.856382	1111000110100101001111000100000110001010001101
46	1	0.947636	1110000111110100111010100110111111001111000111
46	1	1.151372	1011101001011000000010110010111110010000010010
46	1	0.540988	0011001111100000100100010010000011101101111001
46	1	0.997428	0010011111000001010100000100110001010001111001
46	1	1.429769	1011101010011010111011001011001101001001101110
46	1	1.406929	0101011010101001101110001100011011001001100101
47	1	1.985343	01011110001100111111011010111001001100110011011
47	1	0.742902	10000010101111010101010111110001101100001111111
47	1	2.102305	11110101111011101011010101111011011000100100110
47	1	1.834532	11010111010001111000001111100000101011110000110
47	1	2.106448	00010001010100101010100011010011010010111000001
47	1	1.203610	00000110110010110001111101011101010111010111001
47	1	1.006298	01010101011111101110101111101101100011101111111
47	1	1.905215	11111000001001100111010101100001010101001111010
47	1	1.949314	00100110101001011100100111010110000101010101001
47	1	2.951501	01111110101101100100101101000001111001010100010
47	1	2.074249	01111111110101010111100010111101011100101000011
47	1	2.591011	01010101011001111101011010010111001011111000100
47	1	1.088507	01110100001001100000101111100000110111000001111
47	1	2.371423	00001110101000100111101000110000101000101111011
47	1	2.294596	10101010001010100011010100111010001100100111000
47	1	0.512896	11110011001000001101100110111111011011000101011
47	1	2.222700	10011011111000011100100010101100100001101110001
47	1	1.329184	11011001110111111000101000010111111010110001111
47	1	1.510584	11101100011001000010111101001110010101100100111
47	1	2.124935	00100011010101011101000010100010111000011010110
48	1	2.612903	010101111100110011111001001010010110111111001110
48	1	4.094914	001111110001101111110011110101110011000010011010
48	1	2.728747	001011110101100111010111001110111111100110110010
48	1	2.345367	101111111011000000010000010011101000010000110101
48	1	3.587773	110101011111011101000001001011100000000111010011
48	1	0.323977	100010100000100010101001110101010111010101011111
48	1	3.661570	100101110010110110101111000010011011111011100001
48	1	2.973369	000000101000011001111010111100101110001100000011
48	1	1.890115	110010001111010101000101101101011111000011000111
48	1	3.066951	011111111000111111111100001011100001000110111111
48	1	1.504395	101011111010100000010110110001001000010111011111
48	1	4.008219	001101011100010110101110101100101001011100011000
48	1	2.787306	010110111100110100111110110110111110101111000010
48	1	2.288063	001010001000001110010100100110110001010001111000
48	1	2.597780	011100010110101010101001000011100000010110101111
48	1	1.904058	101100110100100011001101111101110000101100011011
48	1	4.275607	011010010111010111111001011010100011100010001011
48	1	1.292945	100011000001111000000111110111100001011111010110
48	1	2.928623	000111100010111000101110010011001001011110001110
48	1	1.983695	110000100001000110000101001001010111100100000111
49	1	6.895518	0011110010011001011001110010000000100001110011011
49	1	3.042099	0000100111010010000101101011011100100110001010101
49	1	4.162299	1010011110001111000110110101011100001001001111011
49	1	6.017927	0111001100000011110001010000011100001010110001010
49	1	2.103370	1010010100001110001011111111000100111100110110111
49	1	4.711102	0010111110111101110111101110101011011111010010000
49	1	6.082956	0101010010010111110101010100011011000001001110110
49	1	2.283235	1010010000011001001011101010111000001111000111011
49	1	7.713962	0100001010101001111111010110011100000000011110000
49	1	3.596000	1111011001001110001000001000110110101001100011100
49	1	2.000206	1011100010001010010101011111001001101101100111010
49	1	5.520184	1000101100011101100101010010100010001101001110110
49	1	5.340277	0011001000100101111100010001000011101100110101100
49	1	0.904352	0101000001001100001100100011011001011101110001111
49	1	3.770859	0100011101000011101111010000111100001100110011111
49	1	1.585386	1001000000110011100010011011111100001001111101100
49	1	1.988007	0001111110111010001110001100101111111111100110000
49	1	3.756629	1011101111011011110010101100111110001001000011111
49	1	3.917155	1001011111000100000100011010101011000111001100100
49	1	5.805330	0001010111000001101011001010000110100100110101000
50	1	4.077829	11001100000111000010111001110101001010011010011001
50	1	3.242818	11100111011011110010000101111110101010100001111001
50	1	5.271556	10011100001101000010101111010010111111000001110010
50	1	6.299130	10111010111011001000111010111100101001011011000101
50	1	8.577904	00111111010011110110100110110100100000010100111101
50	1	0.702210	10010111100000010000000001001100101010110101111011
50	1	6.112496	01010010111101001001011111111000111011010011010010
50	1	7.815535	10010101010110111100100011001100100000111001100010
50	1	4.767283	00000010111111010101110101100100101110100111110101
50	1	7.454832	11010111101000101101111011100101010111110001110000
50	1	3.791080	10111111000010011100000011100101011011011011000010
50	1	8.517809	01111101000111000011010110000100010011010100101010
50	1	7.647175	01111011101011000001101101011001110001000010000101
50	1	6.676802	00101010001101000111101111010001110101100111010100
50	1	4.434111	00001000100010111101011011110110101110010001011110
50	1	8.726326	01010101000110110100110110100010010001110000001000
50	1	5.083338	11001101000011110100001001101000101100110000011010
50	1	4.216316	11011001101100010110000010000111000110111011101000
50	1	5.303088	01000010010001010111000010001101101001110100000110
50	1	7.507610	00111101011010010101110010101000001100011101101010
51	1	6.759892	010111100110101000001101011000111011010110011000101
51	1	13.902374	000111111011111001000001101110001100110010000110100
51	1	9.141414	010001000011100011011000011011000100001110100010110
51	1	13.782554	111001000111010110110100010010001110000000111010000
51	1	6.959523	010011010001100111010010001000111100110010001100111
51	1	11.912387	001110111101111111001000000010000100111011101000011
51	1	5.085979	011010010001101001111001111010010110011101111110001
51	1	3.368394	000101110111000011101001010100101111010010111011101
51	1	5.117292	101111001101010011000110000101111011110011001110100
51	1	16.996496	100010110111101011111110100001011010100001100000000
51	1	6.806241	010001011100101101111011100110110111111011011010100
51	1	2.799813	011001101000000110110110011001011010001110110110111
51	1	11.566188	111100011110101000101111000101111111010010001001100
51	1	7.960043	111100100101011000101001011011000001011011101010010
51	1	6.826771	010111100010100110011000001000010001010110101100111
51	1	15.173306	100011110110100111101101110101100010000101101001100
51	1	4.974973	111001010010011011000110100010111111010010110110110
51	1	6.442740	000100111100100110011000011101000101110111100100010
51	1	13.837067	110110010011101011110110011000101000011010010100101
51	1	5.264638	011011001000111101111011111110101001110011111111010
52	1	11.557022	0011010001001110001000101000001110011001010101010010
52	1	7.244955	0111010100111001100000101001110010111100010100110110
52	1	19.879223	0111011010011101110101011010100000110011101010010001
52	1	14.779228	0100110011101010111101110100110101101010000111011011
52	1	13.905465	1000011110111100010000111101100100010000110011011111
52	1	14.112101	1010101001110011111101110000110110010100001111110101
52	1	3.124653	0010111110111110110000000010011010101101011111001111
52	1	11.458475	1011101101000111001010000111010000000111101011110000
52	1	16.918429	1010101100110100000110110100001011110000101001010001
52	1	10.549189	1001001110001000110101100000100010101110010011011100
52	1	12.672739	0111101010110000101010100110011101100001001100101010
52	1	19.986726	0100010011110111101101011101011000110010010101111000
52	1	19.169268	1001010000001000111011101100110010100010000110000100
52	1	9.201739	0000110100001011010110001011011010010010000110011101
52	1	19.574604	1001110101000100011111011001110000001000101001010001
52	1	1.853909	1000110011011000010101000011111001110111000011110011
52	1	15.377457	0110111110010100001000101111011010011000010110000000
52	1	14.700012	0111001111110010000011011110001101011000101010100111
52	1	11.048341	0011111010101010001110001011010111000011101000000111
52	1	4.447727	1011100110101001110000010100010111001110011111010111
53	1	9.025507	11110001101100110011100100010101111100111001011100110
53	1	30.526954	01101111000001101000011111001000010000011101100101100
53	1	22.846293	01010010100111110111001011111100101100010100011100110
53	1	22.972038	01001010101110110011101100010001011110110010001100101
53	1	35.611911	01111001100101011101101111110010011000000000000010111
53	1	25.121942	11111111000110111111110001111010100100000010011011101
53	1	16.949724	11011010001101011000111000100110011001000100111001011
53	1	31.700167	01111110001011010100110101011100010010010010001100000
53	1	28.888541	10101011111110000101011001000111110100001010001000101
53	1	22.732017	00000000100011100000110111001101001011000001001110101
53	1	12.183541	10010011010010000010011110000011111110110011101100001
53	1	24.417048	11111000100110110110100101001100101100011000110010110
53	1	18.963063	01100011110011111011010000010101111101101010010101000
53	1	23.414397	00100111111010000010000110011100000101101001000011001
53	1	26.104984	11110101010011001110011011110011110000101101000101001
53	1	7.295905	10111001001000111000001001011001001111000110001110111
53	1	19.868007	00000001100010101001011010100110111011001000100010101
53	1	2.986202	11000011100100010100000100111110001101010011011111001
53	1	19.724510	01111011111111010110111001000000101111111100001111100
53	1	23.565587	10010011001100010100010010001110010110101010010000010
54	1	16.283074	000001101110011000100011100110010100011000100101111110
54	1	16.288656	010111111000001110101011001110011110010110010101111110
54	1	12.072381	100100001000010000100101111111100101111100001100101110
54	1	34.644610	010101000001000101101110101001000111001011010010100010
54	1	39.496890	111110111001011110101001110110100001011111001000011000
54	1	33.031242	110010101010110111011011010101111010111000010101100001
54	1	21.411983	100100000100100010010111010110110001001000111100101001
54	1	28.407746	100011111011101010111010111110001101000011011101110101
54	1	25.118521	011111010101110100110101111111000101110111010010001111
54	1	38.574219	011001111100011001111010010011000010100110000000101100
54	1	41.229166	100110011000000111100111011011110110010100010000000000
54	1	44.149986	110000111001101111110100101101011010000001000000011010
54	1	10.367493	001000011000001110111000100101000100010110111010111011
54	1	11.105553	000101011011100000001011110001011110110011001110101111
54	1	30.463260	101110110100111100000010111010100100011011001001001011
54	1	14.226447	001001100000101100100001110101010111111001110000011010
54	1	21.168421	000111011011111000001010010101000111111110110000000011
54	1	17.363311	110100101010101011101101100101001100111110110110101110
54	1	27.072267	101011001100001011010100000000011101110000000000100010
54	1	14.138442	010000000111111001100100100100110010011110111110000110
55	1	26.652639	1010000001110101110101001001011100110000010110001011111
55	1	51.940431	1110110011011100111110011010111001110100010010010101011
55	1	42.940632	1100101001010110101000111001001110101011110101011000000
55	1	77.084359	0010010110101111111010111010000000110011000000100001101
55	1	12.393677	0010111000110110111100100001000100111011101011110011011
55	1	25.717107	1010111000011001001011111011100100010111111110010101110
55	1	45.838454	1110111101100110100000011010011110001010111000111000010
55	1	64.292169	0101111000101000000111101110000011000011101101100100100
55	1	51.993346	1110100001001011111010111011010000000001110111011110001
55	1	30.368524	1010100010001001000000011000011011101001011101100001010
55	1	55.468373	0111000110111111011011110110000000010001001101011110111
55	1	53.894116	1010001100111001111110100110000100110110110001010100111
55	1	28.167983	1100000101100111001001100010010101101111010001001111100
55	1	15.547119	0110000111001011010101101000010101010101011111101011101
55	1	24.264209	0000010000111001111111000000100101001001001110101110111
55	1	25.605069	1110111011110000010011100110001111100011011110011001110
55	1	20.348060	0000110010001011111100010100010100000111011111110011101
55	1	35.771789	0111010010000001111101011100010100111100110110111000101
55	1	35.287297	0001110110101101010111100000011111001100001111111001000
55	1	60.946330	0011100000010000111011110001001001110010010010001100000
56	1	63.538407	01101010111011011101011100100110101001111001011000101101
56	1	56.791029	00101011011011010001010001100111100001101001110000011100
56	1	79.940170	10101110011011001010001101101000111010010010000100001000
56	1	39.615285	11100100111110011100110100000010100010101000101111011011
56	1	48.781129	10010011000001011111000010000110100010011111100100001001
56	1	74.468180	00001100111001010111110011100011011100001010111100100110
56	1	68.606733	11011110010000011101100110000010000000000011011011010100
56	1	72.267170	10000010111110011001100001111010101010110000100100111001
56	1	67.337058	00000111011011110000011010100000001101000101001001011101
56	1	34.045592	00100101100111111100001001101010011111101111111000110001
56	1	29.665527	10010001000001011000011111000101100101100001111011111010
56	1	25.965812	10100110011101010100101100100011101101011100011100111011
56	1	91.636645	00011011110001100011101111001000010110111010010000001100
56	1	6.025630	00000011101010100000000010011101110000101001010011111111
56	1	52.186794	10000010001101001100000010010001010010000011110110010100
56	1	107.825630	01110110001001111111111111100010000100101001100010010110
56	1	26.167260	11111100110111000100010101101110010010101101100111101011
56	1	54.611308	10110111110011011111001001100001111010111101101100001101
56	1	23.682731	01000110100001010110000110101101010111111100011111000100
56	1	64.192327	01100010001010101011100011100001100011000111100100111100
57	1	85.874235	000011011100011011001000001010001010100101000010111011010
57	1	31.094313	101110100100110010000000100100110110100101100111010010111
57	1	53.163850	111000100110110110111011000000001111001101011101001100111
57	1	42.247084	111110010000001000001101000010100000011111110000001110111
57	1	105.628372	100011101110001001010110111110010001000011101111011000110
57	1	103.278672	000000010000000011100110101011100100000000101100110001101
57	1	77.685730	010011110111100001000110101011010110000111101001110100001
57	1	52.631447	100110111001000101001100010111010001111100101101010101010
57	1	148.720421	100111001111111101000111000110000010100010010010011100000
57	1	121.053675	111000111110110010110011011111000110001011111100011000010
57	1	126.490126	010111010001011011001100110000010101010000010001001001111
57	1	85.900750	110011011111011100110010011000101011100111001101010000111
57	1	19.208474	011000001010101001100000101011111001010101111111000100011
57	1	27.744318	111000100100001100100110111010111110101011001100111110011
57	1	96.189541	000101101010001111101001111100101100110001010111111010010
57	1	99.669976	010011110100001100110001001111111010001110100000010010101
57	1	113.104489	000110010011100010100111100000000011111011010110100000100
57	1	35.544713	010101111011110100000110111010101110001111110001111111111
57	1	78.408584	101010100111001110001010101010010001001010111000010101111
57	1	147.487078	011100111111100110011011111011000000101001001111001100100
58	1	136.713417	1011100110011011010001001000111100000100100100000000111100
58	1	107.870160	1010010001110010011001111001100100011010001101110101110101
58	1	90.104466	0000111010100100000001101000011011000100101010101000101100
58	1	82.618981	1101101001011011000001100001100011110001001100001101010111
58	1	177.214698	0001000111111010110110101110010111100001010001101100101000
58	1	70.940093	0111010111110100010000010110110100011011111011000011111100
58	1	137.737085	0100111111111001101100101111000011101100101001010101110011
58	1	73.698023	0010100000001010000100100001110010101110100010100110100110
58	1	131.704549	0001101110010001101010110011101101100101010100011110010011
58	1	111.986030	0100000110001011110111011011101010011100101011011101011101
58	1	86.189755	1010100000101111011010001001110111010010111110111101100000
58	1	36.410497	0101010000101110001100110000000000100110110101011110101101
58	1	88.345709	1100110100001111011011000000011110000101101111000000011100
58	1	117.590549	0000111100111011101000110000010010010000001110010001010011
58	1	174.691978	1011100101101111110110100010101001110101100110001100000101
58	1	37.464441	0010010101010010101000010110001001111001010111111010010011
58	1	92.401029	1010111010101101110010110100010101010100010110010101010111
58	1	94.149283	1110010110101111000011110111010110111111111011101001001110
58	1	127.281916	1101110100010001000101101111011010100111000001000111101001
58	1	49.404553	0110101010010110000001000001000001000101100111110101011100
59	1	88.165652	01011101010110000101111010001100001010011100110011111111001
59	1	281.580918	01010010000001010110110001011110000011001100000010011000011
59	1	194.287766	01010100110100010110001001110000000100101110011010011100101
59	1	83.107497	10110110000110010010001010011111111000111010001110011001011
59	1	113.710157	01010000010000000110010001111101001111011100010011010111010
59	1	294.768925	00101011011010101111101010011010101010100111001001100001100
59	1	260.510024	11010001000111101011001000111110001000100000000110111110010
59	1	228.168386	10010110100101001101100110110111011000110111100000011100010
59	1	325.001448	10100001101011111100101111011110011001010100000011001000011
59	1	143.847980	00000011110101100100000001000011100111101010100010001110010
59	1	181.196463	11000001110001101111011000000100100100000111001010001011011
59	1	297.858540	01100000011000100000111101011010010111000101010000010000101
59	1	205.647180	10000010100010010110101110001001000100000111011100010011011
59	1	50.923648	00100000000000110010010000101111110000010000101011111101101
59	1	255.002195	10000001010000010011001000110110100000000000011101000000001
59	1	106.671301	11000111011011000010010001111111110001101101001101100101011
59	1	92.102323	11001101000101111011101100100011101000110111001101110101101
59	1	220.595684	11010110101100011001110010011101111011010010000011100011010
59	1	278.255470	00110100011100010110001011001100110100000000001101000010100
59	1	126.888775	00100111100001011111011110101111010001011111111010100011011
60	1	280.091208	001001010111110000010100001011011001010010001101110000110001
60	1	116.122118	010101100000100001001100010100101110011001101010110100011010
60	1	403.696939	001110001000001111011110010101000011101000011001010000001100
60	1	426.596428	110110011000110101000111011011011010011100000110000011000100
60	1	245.889527	101101101100010000010000101001100000000001110100000101101101
60	1	279.489300	110101111001010000011100000101001011000000101100011001100001
60	1	349.836214	011110101011101101111110010111110111101101100101000010000111
60	1	200.062634	100001000000100100111101100101101010110110010110110010010101
60	1	84.957234	110101011001011011010101000100100100011101110101011100011111
60	1	172.993133	100001000011111101110011001100101001111011001100100101011111
60	1	148.124223	010000011010100110111010000110111110100001011000100011101111
60	1	287.247033	100110010101110011110011010010000101101010010001000111101011
60	1	418.558345	100001010101111001110111011001101010000101110101100000010110
60	1	281.293707	001101000111001110011000111100101010110010010111010001001110
60	1	218.031612	001101011110111000111001001010000001001011100101100111010111
60	1	284.163390	011100111001000001111100010010100001100011010101010001001001
60	1	435.199973	101011111110100101110001110011001000100100011100000011100010
60	1	261.599852	000100111011001001010101111001100111100101011001000101011101
60	1	372.443578	101010111101110111000010110001010101000010110010011010000000
60	1	54.995471	000110100110001101000001010100101011110010100101111001110011
61	1	261.422938	0111001100010000110110001110110111010010111111100100100100111
61	1	288.750861	0010100110010100111001011111100111000011101100011110011101110
61	1	283.234253	1011000100110111101111011101011110111011000001011101101011110
61	1	328.440076	1011100011001100101010101011100110110011110010111001100101010
61	1	381.893413	0000100110101100011111011110111001010111100010101011011110001
61	1	29.302534	0001000111100000000001001101101011001100011010100111111111111
61	1	537.731512	0000011010010000001110101111000100001111000111101010010000010
61	1	432.848488	0111110100101011001000101100111010100000011111111010001100100
61	1	369.095392	1110011111000011100011111101100111010001100011101001111100110
61	1	700.459082	1000000011011010010101111111101100010100101100110100010000001
61	1	325.288877	0111001010110110100000110101111111000000010111111001011100110
61	1	271.893249	0000110110111110100011001101111110011110110110100000111110110
61	1	639.009937	1011101101100011010110000111011001100010000010001001000010010
61	1	310.888404	0110011111011100000010110101010001011110100011011001100100111
61	1	265.705025	0010101100110100000111101001100000100101100011110101110010111
61	1	602.123761	1111001000110111110000010101100100001000110100000000011000001
61	1	527.706258	0111011101000101101100001110001100101111110001000100000011000
61	1	402.712192	0010101110001100100000100010010011111010101010100001001110000
61	1	580.680505	0111010110100100001101101111101000100010111111100100011010000
61	1	35.144267	1110011010000100100001010010100100111110011100011101101110111
62	1	800.622646	00011110111000010011100111011011110001010010001010001010001101
62	1	267.951411	10100011101000000011010111110001111100000111011001111010010101
62	1	656.667242	11101010011000000110101101111111100011010011001101101011010001
62	1	463.421126	11001101111110110000111011001101101001111001011101100011101100
62	1	461.488529	10101000001010100100010101101100110111001010000110010011010101
62	1	265.900717	10111011101001011001011010000101001110100011000101111111000101
62	1	799.606390	00001111111001011101011001010100101000000101001100100110101000
62	1	314.306893	11001001110100001100010110001110010110101111101110010011101010
62	1	429.073763	01111101110011100010111101110101011100100000101110111011011111
62	1	566.730064	00001010010000000110011101010101111000111000010000001101010010
62	1	781.289969	10101101100111111011100000011100001100111010001000010100101001
62	1	265.301181	10010110000000100111110011001001010111111100111011000110000101
62	1	295.280266	00000110001001010000100100001001010100100011110101011100101000
62	1	703.480802	11011110001010001111011100100110111011011001000001111100000011
62	1	767.055525	10111000010111111010110110000111001011100101011000001011100100
62	1	646.897388	11010101111011000101101110111011110000001100110001111110110010
62	1	351.384623	00011110000110101111011100010010100100101001011110011110110111
62	1	526.783517	00010111010111010110000110100101001110101110010011100000101100
62	1	496.520961	01001101100110011000101011100101100100100111100010010110001110
62	1	591.900340	00110001001000111111000101101010100011111111101001001000110001
63	1	808.818915	110010101010000101001111000100100110001001111000110011111100000
63	1	1332.049324	011111000111110110011010110101010101111000110001101010000110000
63	1	1190.698641	000001100100000010111100111001010000101011011010000010100000101
63	1	1065.735810	111010001000011110110111101001001000001111110111000101100000011
63	1	413.455119	011000010111000110110000010000000101000100011011001001111111001
63	1	750.161699	001001001001110010101000101110111010111011111111010011000000100
63	1	1528.875494	100011101111011101101001111101110110111101010100010010011000000
63	1	187.161467	100011001011100101010000001000100010101100100001101110111111110
63	1	496.375028	101000101101101000011010000110011010011001011100101000110110101
63	1	1263.458610	000100001110111011110111001011010001000011010011000001101111100
63	1	273.294687	101010110001110000111011010110000110101101001111010111111101101
63	1	687.678374	100111101001011100001000111001100100011011111111001110100011000
63	1	988.143649	010111000011111001110111011001000100001001101100101011100010111
63	1	1102.121917	001011111010101111100010010110101010111000010101010001110000111
63	1	894.638424	001101101000000111011001110011010010010001010010100111110010110
63	1	922.019217	110101101101001111111111010100110011010011110011001101100001110
63	1	1151.834548	111111000111100011001110110111001111001111000110110010101000100
63	1	535.409841	110101000011100110101001101100000100001111001111100111100001110
63	1	395.275391	000001010111001100001011100000010011011001100010011000011101111
63	1	1055.623260	011010101100001111101100101010001000100101101101010010110110000
64	1	1234.629025	0000110100011011001010011101101010111111010000110001101100111000
64	1	1735.937012	1010100001101010101001100111011001010100000000110110110001011010
64	1	1467.934549	1101001101101000001000100011110111100100001001010010001110001001
64	1	2066.622031	0111111111000111111110100111100101111010111001011011000000011000
64	1	999.433863	1110000111110011010101111011010011001010100100101000101110111111
64	1	1355.201540	1110011101110110010010011010111010111110010001011110000110101001
64	1	831.901129	0110000111110011000111110011100001100101100000010011011110111111
64	1	1360.300991	0011100101100000011011101010001111010010100100001011000101010101
64	1	1059.145830	1001100011011111110111011001100111000110101001100011110011111101
64	1	162.356454	0110011011110001010110010000001010111001100010101101111111001011
64	1	525.777503	0000111000010001111111000100010000111110111000001110011111011000
64	1	1090.055371	0000010111110011110001010101001011010110011000100100101001111001
64	1	1271.282322	1000010011010011001101011010010111001001101110111010000010010101
64	1	1272.787956	1110011101110011101111010100111001110110000010111100111110011001
64	1	1580.891023	1011001111101011000011110000111010001000001100111101010101110000
64	1	857.439289	1111111001011110101101011100100110001010111000111001111111110101
64	1	1350.272233	0011001111001111011100000110110011111001000010011101010001001101
64	1	1763.597756	1001111010110100010001010110110100100111011110111001000000001000
64	1	128.919063	0111101001011010010100010001100011111111000001111111110010001111
64	1	1361.763001	1101001001101101110000011111111111011110001001011010001011111010
